         0          1   0.296598   0.457502
      0.01   0.945342   0.379158   0.541237
      0.02   0.943511   0.425494   0.586496
      0.03   0.936067   0.502887   0.654275
      0.04   0.928304   0.564071   0.701739
      0.05   0.920621   0.612908   0.735892
      0.06   0.892476   0.679905   0.771822
      0.07   0.866282   0.719418   0.786049
      0.08   0.818073   0.779155    0.79814
      0.09   0.766162   0.818858   0.791634
       0.1    0.68535   0.850281   0.758959
      0.11   0.597412   0.882989   0.712656
      0.12   0.551154   0.884615   0.679161
      0.13   0.471537    0.88588    0.61547
      0.14   0.420183   0.879474   0.568673
      0.15   0.377707   0.868576   0.526473
      0.16   0.350119   0.861878   0.497955
      0.17   0.320143   0.852083    0.46542
      0.18   0.270502   0.829298   0.407941
      0.19   0.185987   0.793262   0.301326
       0.2   0.174164   0.789474   0.285373
      0.21   0.162182   0.781411   0.268613
      0.22   0.147492   0.769231   0.247524
      0.23    0.13543   0.756048   0.229712
      0.24   0.108639   0.718072   0.188725
      0.25  0.0762341   0.654485   0.136562
      0.26  0.0572452   0.588983   0.104348
      0.27  0.0407643   0.507853  0.0754708
      0.28  0.0184315   0.323308  0.0348749
      0.29 0.00573248   0.128713  0.0109761
       0.3          0          0          0
      0.31          0          0          0
      0.32          0          0          0
      0.33          0          0          0
      0.34          0          0          0
      0.35          0          0          0
      0.36          0          0          0
      0.37          0          0          0
      0.38          0          0          0
      0.39          0          0          0
       0.4          0          0          0
      0.41          0          0          0
      0.42          0          0          0
      0.43          0          0          0
      0.44          0          0          0
      0.45          0          0          0
      0.46          0          0          0
      0.47          0          0          0
      0.48          0          0          0
      0.49          0          0          0
       0.5          0          0          0
      0.51          0          0          0
      0.52          0          0          0
      0.53          0          0          0
      0.54          0          0          0
      0.55          0          0          0
      0.56          0          0          0
      0.57          0          0          0
      0.58          0          0          0
      0.59          0          0          0
       0.6          0          0          0
      0.61          0          0          0
      0.62          0          0          0
      0.63          0          0          0
      0.64          0          0          0
      0.65          0          0          0
      0.66          0          0          0
      0.67          0          0          0
      0.68          0          0          0
      0.69          0          0          0
       0.7          0          0          0
      0.71          0          0          0
      0.72          0          0          0
      0.73          0          0          0
      0.74          0          0          0
      0.75          0          0          0
      0.76          0          0          0
      0.77          0          0          0
      0.78          0          0          0
      0.79          0          0          0
       0.8          0          0          0
      0.81          0          0          0
      0.82          0          0          0
      0.83          0          0          0
      0.84          0          0          0
      0.85          0          0          0
      0.86          0          0          0
      0.87          0          0          0
      0.88          0          0          0
      0.89          0          0          0
       0.9          0          0          0
      0.91          0          0          0
      0.92          0          0          0
      0.93          0          0          0
      0.94          0          0          0
      0.95          0          0          0
      0.96          0          0          0
      0.97          0          0          0
      0.98          0          0          0
      0.99          0          0          0
