         0          1   0.295659   0.456384
      0.01   0.974386   0.298278   0.456739
      0.02   0.974386   0.303513   0.462851
      0.03    0.97423   0.313756   0.474648
      0.04   0.973174   0.340088   0.504035
      0.05    0.96985   0.364526   0.529889
      0.06   0.952487   0.407165   0.570468
      0.07   0.939504   0.447115   0.605886
      0.08   0.915494   0.523014   0.665712
      0.09    0.88988   0.579004   0.701545
       0.1   0.834546   0.675049   0.746372
      0.11   0.779407   0.789221   0.784283
      0.12   0.742922   0.843132   0.789861
      0.13   0.684694   0.898358   0.777107
      0.14   0.635852   0.934914   0.756913
      0.15   0.550446   0.961595   0.700121
      0.16   0.504927    0.97933   0.666314
      0.17   0.431448   0.987465   0.600516
      0.18   0.378969   0.986842   0.547635
      0.19   0.293993   0.989842    0.45334
       0.2   0.242023   0.988764   0.388862
      0.21   0.177264   0.984733   0.300445
      0.22   0.132293   0.984211   0.233236
      0.23   0.109768   0.987539   0.197576
      0.24   0.086188          1   0.158698
      0.25  0.0685124          1   0.128239
      0.26  0.0432504          1  0.0829148
      0.27  0.0269826          1  0.0525474
      0.28  0.0120053          1  0.0237258
      0.29 0.00281558          1 0.00561535
       0.3          0          0          0
      0.31          0          0          0
      0.32          0          0          0
      0.33          0          0          0
      0.34          0          0          0
      0.35          0          0          0
      0.36          0          0          0
      0.37          0          0          0
      0.38          0          0          0
      0.39          0          0          0
       0.4          0          0          0
      0.41          0          0          0
      0.42          0          0          0
      0.43          0          0          0
      0.44          0          0          0
      0.45          0          0          0
      0.46          0          0          0
      0.47          0          0          0
      0.48          0          0          0
      0.49          0          0          0
       0.5          0          0          0
      0.51          0          0          0
      0.52          0          0          0
      0.53          0          0          0
      0.54          0          0          0
      0.55          0          0          0
      0.56          0          0          0
      0.57          0          0          0
      0.58          0          0          0
      0.59          0          0          0
       0.6          0          0          0
      0.61          0          0          0
      0.62          0          0          0
      0.63          0          0          0
      0.64          0          0          0
      0.65          0          0          0
      0.66          0          0          0
      0.67          0          0          0
      0.68          0          0          0
      0.69          0          0          0
       0.7          0          0          0
      0.71          0          0          0
      0.72          0          0          0
      0.73          0          0          0
      0.74          0          0          0
      0.75          0          0          0
      0.76          0          0          0
      0.77          0          0          0
      0.78          0          0          0
      0.79          0          0          0
       0.8          0          0          0
      0.81          0          0          0
      0.82          0          0          0
      0.83          0          0          0
      0.84          0          0          0
      0.85          0          0          0
      0.86          0          0          0
      0.87          0          0          0
      0.88          0          0          0
      0.89          0          0          0
       0.9          0          0          0
      0.91          0          0          0
      0.92          0          0          0
      0.93          0          0          0
      0.94          0          0          0
      0.95          0          0          0
      0.96          0          0          0
      0.97          0          0          0
      0.98          0          0          0
      0.99          0          0          0
