         0          1   0.193017   0.323578
      0.01   0.898368   0.238295   0.376675
      0.02   0.898368   0.249732   0.390821
      0.03   0.887871   0.265186   0.408395
      0.04   0.876949   0.315702   0.464267
      0.05   0.862023   0.376696   0.524284
      0.06   0.823918   0.450431   0.582444
      0.07   0.789576   0.500388   0.612566
      0.08   0.728354    0.62196   0.670966
      0.09   0.666161   0.696412   0.680951
       0.1   0.604575   0.825175   0.697856
      0.11   0.548996   0.920569   0.687807
      0.12   0.514046   0.953333   0.667936
      0.13   0.455919   0.988124   0.623949
      0.14   0.395486   0.992888   0.565659
      0.15    0.32765   0.991274   0.492509
      0.16   0.289728   0.990079   0.448276
      0.17   0.256113    0.99115   0.407046
      0.18   0.242582   0.990315   0.389705
      0.19   0.196226   0.988235   0.327436
       0.2   0.182574   0.990385   0.308312
      0.21   0.162308    0.99631   0.279141
      0.22   0.138584          1   0.243432
      0.23   0.127601          1   0.226324
      0.24   0.102967          1   0.186709
      0.25   0.087434          1   0.160808
      0.26   0.058977          1   0.111385
      0.27   0.046053          1   0.088051
      0.28  0.0120138          1  0.0237424
      0.29          0          0          0
       0.3          0          0          0
      0.31          0          0          0
      0.32          0          0          0
      0.33          0          0          0
      0.34          0          0          0
      0.35          0          0          0
      0.36          0          0          0
      0.37          0          0          0
      0.38          0          0          0
      0.39          0          0          0
       0.4          0          0          0
      0.41          0          0          0
      0.42          0          0          0
      0.43          0          0          0
      0.44          0          0          0
      0.45          0          0          0
      0.46          0          0          0
      0.47          0          0          0
      0.48          0          0          0
      0.49          0          0          0
       0.5          0          0          0
      0.51          0          0          0
      0.52          0          0          0
      0.53          0          0          0
      0.54          0          0          0
      0.55          0          0          0
      0.56          0          0          0
      0.57          0          0          0
      0.58          0          0          0
      0.59          0          0          0
       0.6          0          0          0
      0.61          0          0          0
      0.62          0          0          0
      0.63          0          0          0
      0.64          0          0          0
      0.65          0          0          0
      0.66          0          0          0
      0.67          0          0          0
      0.68          0          0          0
      0.69          0          0          0
       0.7          0          0          0
      0.71          0          0          0
      0.72          0          0          0
      0.73          0          0          0
      0.74          0          0          0
      0.75          0          0          0
      0.76          0          0          0
      0.77          0          0          0
      0.78          0          0          0
      0.79          0          0          0
       0.8          0          0          0
      0.81          0          0          0
      0.82          0          0          0
      0.83          0          0          0
      0.84          0          0          0
      0.85          0          0          0
      0.86          0          0          0
      0.87          0          0          0
      0.88          0          0          0
      0.89          0          0          0
       0.9          0          0          0
      0.91          0          0          0
      0.92          0          0          0
      0.93          0          0          0
      0.94          0          0          0
      0.95          0          0          0
      0.96          0          0          0
      0.97          0          0          0
      0.98          0          0          0
      0.99          0          0          0
