         0          1   0.150167   0.261123
      0.01   0.860803   0.153107   0.259974
      0.02   0.852073   0.160958   0.270767
      0.03    0.84268   0.165569   0.276761
      0.04   0.823513   0.178698   0.293671
      0.05   0.795521   0.184521   0.299559
      0.06   0.744947   0.193185   0.306806
      0.07   0.719992   0.203276   0.317041
      0.08   0.650157   0.213082   0.320969
      0.09   0.588006   0.218744   0.318866
       0.1   0.471012   0.217391   0.297482
      0.11   0.378689    0.20836   0.268814
      0.12   0.330677   0.204212   0.252494
      0.13   0.301642   0.221285   0.255289
      0.14   0.270424   0.229189   0.248105
      0.15   0.225353   0.223202   0.224273
      0.16   0.198501   0.217799   0.207702
      0.17    0.16975   0.225217   0.193589
      0.18   0.157415   0.227778    0.18617
      0.19   0.128855   0.212077   0.160308
       0.2   0.102382   0.196007   0.134506
      0.21  0.0743904   0.195055   0.107704
      0.22   0.038144   0.206186  0.0643782
      0.23  0.0314072   0.269231  0.0562522
      0.24  0.0229623    0.40678  0.0434708
      0.25  0.0216339   0.578947  0.0417093
      0.26  0.0112914   0.785714  0.0222629
      0.27 0.00891925          1  0.0176808
      0.28          0          0          0
      0.29          0          0          0
       0.3          0          0          0
      0.31          0          0          0
      0.32          0          0          0
      0.33          0          0          0
      0.34          0          0          0
      0.35          0          0          0
      0.36          0          0          0
      0.37          0          0          0
      0.38          0          0          0
      0.39          0          0          0
       0.4          0          0          0
      0.41          0          0          0
      0.42          0          0          0
      0.43          0          0          0
      0.44          0          0          0
      0.45          0          0          0
      0.46          0          0          0
      0.47          0          0          0
      0.48          0          0          0
      0.49          0          0          0
       0.5          0          0          0
      0.51          0          0          0
      0.52          0          0          0
      0.53          0          0          0
      0.54          0          0          0
      0.55          0          0          0
      0.56          0          0          0
      0.57          0          0          0
      0.58          0          0          0
      0.59          0          0          0
       0.6          0          0          0
      0.61          0          0          0
      0.62          0          0          0
      0.63          0          0          0
      0.64          0          0          0
      0.65          0          0          0
      0.66          0          0          0
      0.67          0          0          0
      0.68          0          0          0
      0.69          0          0          0
       0.7          0          0          0
      0.71          0          0          0
      0.72          0          0          0
      0.73          0          0          0
      0.74          0          0          0
      0.75          0          0          0
      0.76          0          0          0
      0.77          0          0          0
      0.78          0          0          0
      0.79          0          0          0
       0.8          0          0          0
      0.81          0          0          0
      0.82          0          0          0
      0.83          0          0          0
      0.84          0          0          0
      0.85          0          0          0
      0.86          0          0          0
      0.87          0          0          0
      0.88          0          0          0
      0.89          0          0          0
       0.9          0          0          0
      0.91          0          0          0
      0.92          0          0          0
      0.93          0          0          0
      0.94          0          0          0
      0.95          0          0          0
      0.96          0          0          0
      0.97          0          0          0
      0.98          0          0          0
      0.99          0          0          0
