         0          1   0.418411   0.589971
      0.01   0.939901   0.425639   0.585934
      0.02   0.939078   0.452515   0.610734
      0.03   0.937275   0.479772   0.634669
      0.04    0.93085   0.526051   0.672214
      0.05   0.926831   0.546767   0.687786
      0.06   0.916134   0.566946   0.700432
      0.07   0.901987   0.574938   0.702252
      0.08    0.87072    0.59235   0.705053
      0.09     0.8423   0.620267    0.71443
       0.1   0.778878   0.709178   0.742396
      0.11   0.719033   0.771414   0.744303
      0.12   0.664599   0.801289   0.726571
      0.13   0.604279   0.850359   0.706504
      0.14   0.570131   0.880432   0.692092
      0.15   0.513925   0.914368   0.658011
      0.16   0.487689    0.92221   0.637991
      0.17   0.463257   0.925065   0.617354
      0.18   0.448826   0.935799   0.606678
      0.19   0.419963   0.955843    0.58354
       0.2   0.399456   0.974706   0.566675
      0.21   0.352301   0.997981   0.520765
      0.22   0.310368          1   0.473711
      0.23   0.272929          1    0.42882
      0.24   0.226755          1   0.369682
      0.25   0.191088          1   0.320863
      0.26   0.123837          1   0.220382
      0.27  0.0727261          1   0.135591
      0.28  0.0305083          1  0.0592101
      0.29  0.0217102          1  0.0424978
       0.3  0.0109817          1  0.0217248
      0.31          0          0          0
      0.32          0          0          0
      0.33          0          0          0
      0.34          0          0          0
      0.35          0          0          0
      0.36          0          0          0
      0.37          0          0          0
      0.38          0          0          0
      0.39          0          0          0
       0.4          0          0          0
      0.41          0          0          0
      0.42          0          0          0
      0.43          0          0          0
      0.44          0          0          0
      0.45          0          0          0
      0.46          0          0          0
      0.47          0          0          0
      0.48          0          0          0
      0.49          0          0          0
       0.5          0          0          0
      0.51          0          0          0
      0.52          0          0          0
      0.53          0          0          0
      0.54          0          0          0
      0.55          0          0          0
      0.56          0          0          0
      0.57          0          0          0
      0.58          0          0          0
      0.59          0          0          0
       0.6          0          0          0
      0.61          0          0          0
      0.62          0          0          0
      0.63          0          0          0
      0.64          0          0          0
      0.65          0          0          0
      0.66          0          0          0
      0.67          0          0          0
      0.68          0          0          0
      0.69          0          0          0
       0.7          0          0          0
      0.71          0          0          0
      0.72          0          0          0
      0.73          0          0          0
      0.74          0          0          0
      0.75          0          0          0
      0.76          0          0          0
      0.77          0          0          0
      0.78          0          0          0
      0.79          0          0          0
       0.8          0          0          0
      0.81          0          0          0
      0.82          0          0          0
      0.83          0          0          0
      0.84          0          0          0
      0.85          0          0          0
      0.86          0          0          0
      0.87          0          0          0
      0.88          0          0          0
      0.89          0          0          0
       0.9          0          0          0
      0.91          0          0          0
      0.92          0          0          0
      0.93          0          0          0
      0.94          0          0          0
      0.95          0          0          0
      0.96          0          0          0
      0.97          0          0          0
      0.98          0          0          0
      0.99          0          0          0
