         0          1   0.181029   0.306561
      0.01   0.913507   0.167923   0.283696
      0.02   0.895519   0.182436    0.30312
      0.03   0.876023   0.195078   0.319098
      0.04   0.806872    0.20608   0.328309
      0.05   0.777682   0.215109   0.337002
      0.06   0.727811   0.235566    0.35593
      0.07   0.691835   0.251297   0.368678
      0.08   0.620745   0.274931    0.38108
      0.09   0.587247   0.289301   0.387636
       0.1   0.538992   0.322259   0.403355
      0.11   0.510233   0.364446    0.42519
      0.12   0.478673   0.385429    0.42702
      0.13   0.431818   0.421613   0.426655
      0.14   0.409845   0.453357   0.430504
      0.15   0.396381   0.522502   0.450786
      0.16   0.384856   0.563669   0.457408
      0.17   0.360836   0.629956   0.458847
      0.18   0.339724   0.658974   0.448323
      0.19   0.279405   0.668863   0.394158
       0.2   0.233197   0.710744   0.351173
      0.21   0.191405   0.770833   0.306662
      0.22   0.148535   0.832558   0.252095
      0.23   0.108682   0.896552   0.193863
      0.24  0.0724903   0.895833   0.134127
      0.25  0.0537484   0.966667   0.101835
      0.26  0.0266049          1  0.0518309
      0.27 0.00915554          1  0.0181449
      0.28 0.00689358          1  0.0136928
      0.29          0          0          0
       0.3          0          0          0
      0.31          0          0          0
      0.32          0          0          0
      0.33          0          0          0
      0.34          0          0          0
      0.35          0          0          0
      0.36          0          0          0
      0.37          0          0          0
      0.38          0          0          0
      0.39          0          0          0
       0.4          0          0          0
      0.41          0          0          0
      0.42          0          0          0
      0.43          0          0          0
      0.44          0          0          0
      0.45          0          0          0
      0.46          0          0          0
      0.47          0          0          0
      0.48          0          0          0
      0.49          0          0          0
       0.5          0          0          0
      0.51          0          0          0
      0.52          0          0          0
      0.53          0          0          0
      0.54          0          0          0
      0.55          0          0          0
      0.56          0          0          0
      0.57          0          0          0
      0.58          0          0          0
      0.59          0          0          0
       0.6          0          0          0
      0.61          0          0          0
      0.62          0          0          0
      0.63          0          0          0
      0.64          0          0          0
      0.65          0          0          0
      0.66          0          0          0
      0.67          0          0          0
      0.68          0          0          0
      0.69          0          0          0
       0.7          0          0          0
      0.71          0          0          0
      0.72          0          0          0
      0.73          0          0          0
      0.74          0          0          0
      0.75          0          0          0
      0.76          0          0          0
      0.77          0          0          0
      0.78          0          0          0
      0.79          0          0          0
       0.8          0          0          0
      0.81          0          0          0
      0.82          0          0          0
      0.83          0          0          0
      0.84          0          0          0
      0.85          0          0          0
      0.86          0          0          0
      0.87          0          0          0
      0.88          0          0          0
      0.89          0          0          0
       0.9          0          0          0
      0.91          0          0          0
      0.92          0          0          0
      0.93          0          0          0
      0.94          0          0          0
      0.95          0          0          0
      0.96          0          0          0
      0.97          0          0          0
      0.98          0          0          0
      0.99          0          0          0
