         0          1   0.265439    0.41952
      0.01   0.911778   0.256857   0.400804
      0.02    0.90371   0.266064   0.411095
      0.03   0.891489   0.282719   0.429295
      0.04   0.873757   0.319388   0.467784
      0.05   0.857422   0.345543   0.492577
      0.06   0.818403   0.384316   0.523024
      0.07   0.787651    0.40606   0.535864
      0.08   0.751707   0.442022   0.556694
      0.09   0.723911   0.469721   0.569751
       0.1   0.671952   0.507033   0.577958
      0.11   0.598387   0.543113   0.569411
      0.12   0.566836   0.560012   0.563403
      0.13   0.496825   0.572496   0.531983
      0.14    0.44247   0.573542   0.499551
      0.15   0.372699   0.596045   0.458625
      0.16   0.320021   0.591724   0.415388
      0.17    0.24366   0.565666   0.340605
      0.18   0.197172   0.532721   0.287817
      0.19   0.133831    0.50253   0.211371
       0.2  0.0886617   0.481308    0.14974
      0.21  0.0565118   0.466899   0.100821
      0.22  0.0411358    0.47449  0.0757081
      0.23  0.0254004   0.417266  0.0478858
      0.24  0.0118615   0.472222  0.0231417
      0.25  0.0030752   0.488372 0.00611192
      0.26  0.0017972   0.434783  0.0035796
      0.27          0          0          0
      0.28          0          0          0
      0.29          0          0          0
       0.3          0          0          0
      0.31          0          0          0
      0.32          0          0          0
      0.33          0          0          0
      0.34          0          0          0
      0.35          0          0          0
      0.36          0          0          0
      0.37          0          0          0
      0.38          0          0          0
      0.39          0          0          0
       0.4          0          0          0
      0.41          0          0          0
      0.42          0          0          0
      0.43          0          0          0
      0.44          0          0          0
      0.45          0          0          0
      0.46          0          0          0
      0.47          0          0          0
      0.48          0          0          0
      0.49          0          0          0
       0.5          0          0          0
      0.51          0          0          0
      0.52          0          0          0
      0.53          0          0          0
      0.54          0          0          0
      0.55          0          0          0
      0.56          0          0          0
      0.57          0          0          0
      0.58          0          0          0
      0.59          0          0          0
       0.6          0          0          0
      0.61          0          0          0
      0.62          0          0          0
      0.63          0          0          0
      0.64          0          0          0
      0.65          0          0          0
      0.66          0          0          0
      0.67          0          0          0
      0.68          0          0          0
      0.69          0          0          0
       0.7          0          0          0
      0.71          0          0          0
      0.72          0          0          0
      0.73          0          0          0
      0.74          0          0          0
      0.75          0          0          0
      0.76          0          0          0
      0.77          0          0          0
      0.78          0          0          0
      0.79          0          0          0
       0.8          0          0          0
      0.81          0          0          0
      0.82          0          0          0
      0.83          0          0          0
      0.84          0          0          0
      0.85          0          0          0
      0.86          0          0          0
      0.87          0          0          0
      0.88          0          0          0
      0.89          0          0          0
       0.9          0          0          0
      0.91          0          0          0
      0.92          0          0          0
      0.93          0          0          0
      0.94          0          0          0
      0.95          0          0          0
      0.96          0          0          0
      0.97          0          0          0
      0.98          0          0          0
      0.99          0          0          0
