         0          1    0.32957   0.495755
      0.01   0.949409   0.336916   0.497341
      0.02   0.947239   0.366023   0.528015
      0.03   0.945877   0.385998   0.548259
      0.04   0.934474   0.418282   0.577892
      0.05   0.917199   0.454948   0.608211
      0.06   0.888392   0.532905   0.666192
      0.07   0.866054   0.600674   0.709356
      0.08   0.815165   0.689192   0.746904
      0.09   0.768573   0.722042   0.744581
       0.1   0.695303   0.757532   0.725084
      0.11   0.623053   0.779676   0.692621
      0.12   0.584291   0.791284   0.672214
      0.13   0.536508   0.821736   0.649173
      0.14   0.501276   0.836904   0.627001
      0.15   0.416773   0.848339   0.558946
      0.16   0.353459   0.851875   0.499618
      0.17   0.277125     0.8568   0.418795
      0.18   0.228832   0.871373   0.362474
      0.19   0.184452    0.90024   0.306172
       0.2   0.173049   0.927298   0.291668
      0.21   0.141052   0.935484   0.245141
      0.22   0.116671   0.946759   0.207741
      0.23  0.0932687   0.970238   0.170178
      0.24  0.0692707          1   0.129566
      0.25  0.0528466          1   0.100388
      0.26  0.0259127          1  0.0505164
      0.27  0.0123819          1   0.024461
      0.28 0.00336142          1 0.00670031
      0.29          0          0          0
       0.3          0          0          0
      0.31          0          0          0
      0.32          0          0          0
      0.33          0          0          0
      0.34          0          0          0
      0.35          0          0          0
      0.36          0          0          0
      0.37          0          0          0
      0.38          0          0          0
      0.39          0          0          0
       0.4          0          0          0
      0.41          0          0          0
      0.42          0          0          0
      0.43          0          0          0
      0.44          0          0          0
      0.45          0          0          0
      0.46          0          0          0
      0.47          0          0          0
      0.48          0          0          0
      0.49          0          0          0
       0.5          0          0          0
      0.51          0          0          0
      0.52          0          0          0
      0.53          0          0          0
      0.54          0          0          0
      0.55          0          0          0
      0.56          0          0          0
      0.57          0          0          0
      0.58          0          0          0
      0.59          0          0          0
       0.6          0          0          0
      0.61          0          0          0
      0.62          0          0          0
      0.63          0          0          0
      0.64          0          0          0
      0.65          0          0          0
      0.66          0          0          0
      0.67          0          0          0
      0.68          0          0          0
      0.69          0          0          0
       0.7          0          0          0
      0.71          0          0          0
      0.72          0          0          0
      0.73          0          0          0
      0.74          0          0          0
      0.75          0          0          0
      0.76          0          0          0
      0.77          0          0          0
      0.78          0          0          0
      0.79          0          0          0
       0.8          0          0          0
      0.81          0          0          0
      0.82          0          0          0
      0.83          0          0          0
      0.84          0          0          0
      0.85          0          0          0
      0.86          0          0          0
      0.87          0          0          0
      0.88          0          0          0
      0.89          0          0          0
       0.9          0          0          0
      0.91          0          0          0
      0.92          0          0          0
      0.93          0          0          0
      0.94          0          0          0
      0.95          0          0          0
      0.96          0          0          0
      0.97          0          0          0
      0.98          0          0          0
      0.99          0          0          0
