         0          1   0.256164   0.407851
      0.01   0.935461   0.271947   0.421391
      0.02   0.934301    0.30303   0.457632
      0.03   0.926001   0.345981   0.503748
      0.04   0.922345   0.428586   0.585232
      0.05   0.912072   0.481918   0.630627
      0.06   0.897388   0.545022   0.678166
      0.07   0.874463   0.571689   0.691381
      0.08   0.835113   0.608229   0.703839
      0.09   0.803424   0.629285   0.705772
       0.1   0.749681   0.667199   0.706039
      0.11   0.695531   0.694182   0.694856
      0.12   0.650958   0.711343   0.679812
      0.13   0.573535    0.71688   0.637245
      0.14   0.520371   0.721117   0.604514
      0.15   0.425595   0.728618   0.537329
      0.16   0.387638   0.747114   0.510437
      0.17   0.335752   0.768316   0.467296
      0.18    0.30888    0.76581   0.440207
      0.19   0.276843    0.78905   0.409878
       0.2   0.260244   0.812444   0.394213
      0.21   0.243122   0.852237    0.37832
      0.22   0.213871   0.882353   0.344291
      0.23   0.195183   0.915773   0.321783
      0.24    0.14852   0.953437   0.257005
      0.25   0.112768   0.949206   0.201588
      0.26  0.0559489    0.92973   0.105546
      0.27  0.0503772   0.934641  0.0956016
      0.28  0.0314568   0.932584  0.0608606
      0.29   0.016657   0.909091  0.0327146
       0.3          0          0          0
      0.31          0          0          0
      0.32          0          0          0
      0.33          0          0          0
      0.34          0          0          0
      0.35          0          0          0
      0.36          0          0          0
      0.37          0          0          0
      0.38          0          0          0
      0.39          0          0          0
       0.4          0          0          0
      0.41          0          0          0
      0.42          0          0          0
      0.43          0          0          0
      0.44          0          0          0
      0.45          0          0          0
      0.46          0          0          0
      0.47          0          0          0
      0.48          0          0          0
      0.49          0          0          0
       0.5          0          0          0
      0.51          0          0          0
      0.52          0          0          0
      0.53          0          0          0
      0.54          0          0          0
      0.55          0          0          0
      0.56          0          0          0
      0.57          0          0          0
      0.58          0          0          0
      0.59          0          0          0
       0.6          0          0          0
      0.61          0          0          0
      0.62          0          0          0
      0.63          0          0          0
      0.64          0          0          0
      0.65          0          0          0
      0.66          0          0          0
      0.67          0          0          0
      0.68          0          0          0
      0.69          0          0          0
       0.7          0          0          0
      0.71          0          0          0
      0.72          0          0          0
      0.73          0          0          0
      0.74          0          0          0
      0.75          0          0          0
      0.76          0          0          0
      0.77          0          0          0
      0.78          0          0          0
      0.79          0          0          0
       0.8          0          0          0
      0.81          0          0          0
      0.82          0          0          0
      0.83          0          0          0
      0.84          0          0          0
      0.85          0          0          0
      0.86          0          0          0
      0.87          0          0          0
      0.88          0          0          0
      0.89          0          0          0
       0.9          0          0          0
      0.91          0          0          0
      0.92          0          0          0
      0.93          0          0          0
      0.94          0          0          0
      0.95          0          0          0
      0.96          0          0          0
      0.97          0          0          0
      0.98          0          0          0
      0.99          0          0          0
