         0          1   0.382258   0.553092
      0.01   0.960915   0.452198   0.614988
      0.02     0.9607   0.503897   0.661061
      0.03   0.958732   0.529993   0.682626
      0.04   0.935574   0.545384   0.689077
      0.05   0.907835    0.54911    0.68431
      0.06   0.869645   0.550548   0.674248
      0.07   0.840367   0.553528   0.667434
      0.08    0.78539   0.565405   0.657484
      0.09    0.74047   0.573926   0.646647
       0.1   0.675973   0.583235   0.626189
      0.11   0.646802   0.599831   0.622431
      0.12   0.624682   0.610638    0.61758
      0.13   0.576291   0.625998   0.600117
      0.14   0.564372   0.640835   0.600178
      0.15   0.527327   0.679264    0.59373
      0.16   0.490998   0.700822    0.57744
      0.17   0.446258   0.736941   0.555893
      0.18   0.417767   0.755772   0.538093
      0.19   0.377036   0.786597    0.50974
       0.2   0.343427   0.806759    0.48177
      0.21   0.293031   0.840022   0.434494
      0.22   0.232077   0.873815   0.366749
      0.23    0.19743   0.909844   0.324456
      0.24   0.144386   0.953488   0.250794
      0.25   0.123233   0.965278   0.218563
      0.26  0.0875121   0.979381   0.160668
      0.27  0.0644261   0.982517   0.120923
      0.28  0.0437381      0.995  0.0837929
      0.29  0.0347185          1  0.0671071
       0.3 0.00257704          1 0.00514084
      0.31          0          0          0
      0.32          0          0          0
      0.33          0          0          0
      0.34          0          0          0
      0.35          0          0          0
      0.36          0          0          0
      0.37          0          0          0
      0.38          0          0          0
      0.39          0          0          0
       0.4          0          0          0
      0.41          0          0          0
      0.42          0          0          0
      0.43          0          0          0
      0.44          0          0          0
      0.45          0          0          0
      0.46          0          0          0
      0.47          0          0          0
      0.48          0          0          0
      0.49          0          0          0
       0.5          0          0          0
      0.51          0          0          0
      0.52          0          0          0
      0.53          0          0          0
      0.54          0          0          0
      0.55          0          0          0
      0.56          0          0          0
      0.57          0          0          0
      0.58          0          0          0
      0.59          0          0          0
       0.6          0          0          0
      0.61          0          0          0
      0.62          0          0          0
      0.63          0          0          0
      0.64          0          0          0
      0.65          0          0          0
      0.66          0          0          0
      0.67          0          0          0
      0.68          0          0          0
      0.69          0          0          0
       0.7          0          0          0
      0.71          0          0          0
      0.72          0          0          0
      0.73          0          0          0
      0.74          0          0          0
      0.75          0          0          0
      0.76          0          0          0
      0.77          0          0          0
      0.78          0          0          0
      0.79          0          0          0
       0.8          0          0          0
      0.81          0          0          0
      0.82          0          0          0
      0.83          0          0          0
      0.84          0          0          0
      0.85          0          0          0
      0.86          0          0          0
      0.87          0          0          0
      0.88          0          0          0
      0.89          0          0          0
       0.9          0          0          0
      0.91          0          0          0
      0.92          0          0          0
      0.93          0          0          0
      0.94          0          0          0
      0.95          0          0          0
      0.96          0          0          0
      0.97          0          0          0
      0.98          0          0          0
      0.99          0          0          0
