         0          1   0.310743   0.474148
      0.01   0.944612   0.319237   0.477201
      0.02   0.944331   0.368287    0.52991
      0.03   0.943649   0.376356   0.538101
      0.04   0.931296   0.392673   0.552422
      0.05   0.918341   0.410076   0.566975
      0.06   0.894036   0.451471   0.599969
      0.07   0.876509   0.490105    0.62868
      0.08   0.853728   0.555168   0.672814
      0.09   0.826014   0.599115   0.694502
       0.1   0.789596   0.680851   0.731203
      0.11   0.748526   0.742574   0.745538
      0.12   0.707857   0.776378   0.740536
      0.13   0.639915   0.808993   0.714589
      0.14   0.597521   0.832949   0.695862
      0.15   0.534111   0.854316    0.65729
      0.16   0.493563   0.866258   0.628837
      0.17   0.442827    0.89011   0.591423
      0.18   0.410059   0.899668   0.563349
      0.19   0.330646   0.895288   0.482935
       0.2   0.275338   0.885086   0.420015
      0.21   0.212891    0.86478   0.341669
      0.22   0.152328   0.834423   0.257626
      0.23   0.114266   0.806723   0.200179
      0.24  0.0698672   0.703057   0.127103
      0.25  0.0474472   0.590361   0.087835
      0.26  0.0273533   0.446281  0.0515472
      0.27  0.0167649   0.473684  0.0323837
      0.28 0.00625677          1  0.0124357
      0.29          0          0          0
       0.3          0          0          0
      0.31          0          0          0
      0.32          0          0          0
      0.33          0          0          0
      0.34          0          0          0
      0.35          0          0          0
      0.36          0          0          0
      0.37          0          0          0
      0.38          0          0          0
      0.39          0          0          0
       0.4          0          0          0
      0.41          0          0          0
      0.42          0          0          0
      0.43          0          0          0
      0.44          0          0          0
      0.45          0          0          0
      0.46          0          0          0
      0.47          0          0          0
      0.48          0          0          0
      0.49          0          0          0
       0.5          0          0          0
      0.51          0          0          0
      0.52          0          0          0
      0.53          0          0          0
      0.54          0          0          0
      0.55          0          0          0
      0.56          0          0          0
      0.57          0          0          0
      0.58          0          0          0
      0.59          0          0          0
       0.6          0          0          0
      0.61          0          0          0
      0.62          0          0          0
      0.63          0          0          0
      0.64          0          0          0
      0.65          0          0          0
      0.66          0          0          0
      0.67          0          0          0
      0.68          0          0          0
      0.69          0          0          0
       0.7          0          0          0
      0.71          0          0          0
      0.72          0          0          0
      0.73          0          0          0
      0.74          0          0          0
      0.75          0          0          0
      0.76          0          0          0
      0.77          0          0          0
      0.78          0          0          0
      0.79          0          0          0
       0.8          0          0          0
      0.81          0          0          0
      0.82          0          0          0
      0.83          0          0          0
      0.84          0          0          0
      0.85          0          0          0
      0.86          0          0          0
      0.87          0          0          0
      0.88          0          0          0
      0.89          0          0          0
       0.9          0          0          0
      0.91          0          0          0
      0.92          0          0          0
      0.93          0          0          0
      0.94          0          0          0
      0.95          0          0          0
      0.96          0          0          0
      0.97          0          0          0
      0.98          0          0          0
      0.99          0          0          0
