         0          1   0.391539   0.562742
      0.01   0.943405   0.413987   0.575452
      0.02   0.939375   0.428704   0.588729
      0.03   0.925287   0.439334   0.595785
      0.04   0.870444    0.44651   0.590244
      0.05   0.822119   0.456597   0.587115
      0.06   0.734441   0.475381   0.577175
      0.07    0.68969   0.494474   0.575991
      0.08   0.626156   0.530926   0.574622
      0.09   0.578918     0.5627   0.570694
       0.1   0.523374   0.641523   0.576457
      0.11   0.456967   0.710332   0.556152
      0.12   0.417718   0.761364   0.539463
      0.13   0.351065   0.834372   0.494196
      0.14   0.316933   0.882242    0.46634
      0.15    0.26633   0.914722   0.412544
      0.16   0.243797   0.952023   0.388186
      0.17   0.202026   0.973848   0.334631
      0.18   0.175673   0.994135   0.298583
      0.19   0.142452          1   0.249379
       0.2   0.126086          1   0.223937
      0.21   0.107724          1   0.194495
      0.22  0.0852958          1   0.157184
      0.23  0.0728904          1   0.135877
      0.24  0.0569807          1   0.107818
      0.25  0.0335015          1  0.0648311
      0.26 0.00844547          1  0.0167495
      0.27  0.0058873          1  0.0117057
      0.28          0          0          0
      0.29          0          0          0
       0.3          0          0          0
      0.31          0          0          0
      0.32          0          0          0
      0.33          0          0          0
      0.34          0          0          0
      0.35          0          0          0
      0.36          0          0          0
      0.37          0          0          0
      0.38          0          0          0
      0.39          0          0          0
       0.4          0          0          0
      0.41          0          0          0
      0.42          0          0          0
      0.43          0          0          0
      0.44          0          0          0
      0.45          0          0          0
      0.46          0          0          0
      0.47          0          0          0
      0.48          0          0          0
      0.49          0          0          0
       0.5          0          0          0
      0.51          0          0          0
      0.52          0          0          0
      0.53          0          0          0
      0.54          0          0          0
      0.55          0          0          0
      0.56          0          0          0
      0.57          0          0          0
      0.58          0          0          0
      0.59          0          0          0
       0.6          0          0          0
      0.61          0          0          0
      0.62          0          0          0
      0.63          0          0          0
      0.64          0          0          0
      0.65          0          0          0
      0.66          0          0          0
      0.67          0          0          0
      0.68          0          0          0
      0.69          0          0          0
       0.7          0          0          0
      0.71          0          0          0
      0.72          0          0          0
      0.73          0          0          0
      0.74          0          0          0
      0.75          0          0          0
      0.76          0          0          0
      0.77          0          0          0
      0.78          0          0          0
      0.79          0          0          0
       0.8          0          0          0
      0.81          0          0          0
      0.82          0          0          0
      0.83          0          0          0
      0.84          0          0          0
      0.85          0          0          0
      0.86          0          0          0
      0.87          0          0          0
      0.88          0          0          0
      0.89          0          0          0
       0.9          0          0          0
      0.91          0          0          0
      0.92          0          0          0
      0.93          0          0          0
      0.94          0          0          0
      0.95          0          0          0
      0.96          0          0          0
      0.97          0          0          0
      0.98          0          0          0
      0.99          0          0          0
