         0          1   0.205491   0.340925
      0.01   0.938755   0.217521   0.353201
      0.02   0.936672   0.228883   0.367873
      0.03   0.932756   0.254376   0.399738
      0.04   0.897092   0.321069   0.472891
      0.05   0.855429   0.384424   0.530462
      0.06   0.772019   0.530952   0.629185
      0.07   0.700108   0.667357   0.683341
      0.08   0.553871   0.849808   0.670643
      0.09   0.467961   0.908218   0.617668
       0.1   0.344805   0.946399   0.505455
      0.11   0.201733   0.979452   0.334559
      0.12   0.120407          1   0.214934
      0.13  0.0569953          1   0.107844
      0.14  0.0434964          1  0.0833666
      0.15  0.0393301          1  0.0756835
      0.16   0.028581          1  0.0555736
      0.17   0.028581          1  0.0555736
      0.18  0.0259145          1  0.0505198
      0.19  0.0254145          1  0.0495693
       0.2  0.0241647          1   0.047189
      0.21  0.0219148          1  0.0428898
      0.22  0.0179985          1  0.0353606
      0.23  0.0168319          1  0.0331066
      0.24  0.0145821          1  0.0287451
      0.25  0.0132489          1  0.0261513
      0.26 0.00941588          1  0.0186561
      0.27          0          0          0
      0.28          0          0          0
      0.29          0          0          0
       0.3          0          0          0
      0.31          0          0          0
      0.32          0          0          0
      0.33          0          0          0
      0.34          0          0          0
      0.35          0          0          0
      0.36          0          0          0
      0.37          0          0          0
      0.38          0          0          0
      0.39          0          0          0
       0.4          0          0          0
      0.41          0          0          0
      0.42          0          0          0
      0.43          0          0          0
      0.44          0          0          0
      0.45          0          0          0
      0.46          0          0          0
      0.47          0          0          0
      0.48          0          0          0
      0.49          0          0          0
       0.5          0          0          0
      0.51          0          0          0
      0.52          0          0          0
      0.53          0          0          0
      0.54          0          0          0
      0.55          0          0          0
      0.56          0          0          0
      0.57          0          0          0
      0.58          0          0          0
      0.59          0          0          0
       0.6          0          0          0
      0.61          0          0          0
      0.62          0          0          0
      0.63          0          0          0
      0.64          0          0          0
      0.65          0          0          0
      0.66          0          0          0
      0.67          0          0          0
      0.68          0          0          0
      0.69          0          0          0
       0.7          0          0          0
      0.71          0          0          0
      0.72          0          0          0
      0.73          0          0          0
      0.74          0          0          0
      0.75          0          0          0
      0.76          0          0          0
      0.77          0          0          0
      0.78          0          0          0
      0.79          0          0          0
       0.8          0          0          0
      0.81          0          0          0
      0.82          0          0          0
      0.83          0          0          0
      0.84          0          0          0
      0.85          0          0          0
      0.86          0          0          0
      0.87          0          0          0
      0.88          0          0          0
      0.89          0          0          0
       0.9          0          0          0
      0.91          0          0          0
      0.92          0          0          0
      0.93          0          0          0
      0.94          0          0          0
      0.95          0          0          0
      0.96          0          0          0
      0.97          0          0          0
      0.98          0          0          0
      0.99          0          0          0
