         0          1   0.214804   0.353644
      0.01   0.893334    0.28807   0.435656
      0.02    0.88893   0.582382   0.703722
      0.03   0.874151   0.646716   0.743428
      0.04   0.820333   0.726206   0.770405
      0.05   0.783086   0.757851   0.770262
      0.06   0.738673   0.797025    0.76674
      0.07   0.712622        0.8   0.753787
      0.08   0.648877   0.804705   0.718438
      0.09   0.607449   0.808627   0.693748
       0.1   0.541091   0.821978   0.652594
      0.11   0.474584   0.853791   0.610062
      0.12   0.415317   0.867865   0.561789
      0.13   0.330671   0.874172   0.479836
      0.14   0.309398   0.891074   0.459313
      0.15   0.260208   0.893617   0.403052
      0.16   0.244159    0.90708   0.384754
      0.17   0.209151   0.912181   0.340281
      0.18   0.189744   0.919732   0.314587
      0.19   0.154214   0.923767   0.264304
       0.2   0.115324   0.930233   0.205208
      0.21  0.0660596   0.988372   0.123842
      0.22  0.0458312          1  0.0876454
      0.23  0.0386654          1   0.074452
      0.24  0.0279167          1   0.054317
      0.25   0.022617          1  0.0442336
      0.26  0.0185116          1  0.0363503
      0.27  0.0144809          1  0.0285483
      0.28  0.0101515          1   0.020099
      0.29  0.0046279          1 0.00921317
       0.3          0          0          0
      0.31          0          0          0
      0.32          0          0          0
      0.33          0          0          0
      0.34          0          0          0
      0.35          0          0          0
      0.36          0          0          0
      0.37          0          0          0
      0.38          0          0          0
      0.39          0          0          0
       0.4          0          0          0
      0.41          0          0          0
      0.42          0          0          0
      0.43          0          0          0
      0.44          0          0          0
      0.45          0          0          0
      0.46          0          0          0
      0.47          0          0          0
      0.48          0          0          0
      0.49          0          0          0
       0.5          0          0          0
      0.51          0          0          0
      0.52          0          0          0
      0.53          0          0          0
      0.54          0          0          0
      0.55          0          0          0
      0.56          0          0          0
      0.57          0          0          0
      0.58          0          0          0
      0.59          0          0          0
       0.6          0          0          0
      0.61          0          0          0
      0.62          0          0          0
      0.63          0          0          0
      0.64          0          0          0
      0.65          0          0          0
      0.66          0          0          0
      0.67          0          0          0
      0.68          0          0          0
      0.69          0          0          0
       0.7          0          0          0
      0.71          0          0          0
      0.72          0          0          0
      0.73          0          0          0
      0.74          0          0          0
      0.75          0          0          0
      0.76          0          0          0
      0.77          0          0          0
      0.78          0          0          0
      0.79          0          0          0
       0.8          0          0          0
      0.81          0          0          0
      0.82          0          0          0
      0.83          0          0          0
      0.84          0          0          0
      0.85          0          0          0
      0.86          0          0          0
      0.87          0          0          0
      0.88          0          0          0
      0.89          0          0          0
       0.9          0          0          0
      0.91          0          0          0
      0.92          0          0          0
      0.93          0          0          0
      0.94          0          0          0
      0.95          0          0          0
      0.96          0          0          0
      0.97          0          0          0
      0.98          0          0          0
      0.99          0          0          0
