         0          1   0.361785    0.53134
      0.01   0.950437   0.353745   0.515591
      0.02   0.950312   0.356845   0.518857
      0.03   0.947473   0.364973   0.526958
      0.04   0.933437   0.392383    0.55251
      0.05   0.915034   0.425563   0.580942
      0.06   0.861603   0.480796   0.617186
      0.07   0.802339   0.518709   0.630076
      0.08   0.694978   0.581552   0.633226
      0.09   0.637305   0.632675   0.634982
       0.1   0.542982   0.711672   0.615987
      0.11   0.453681   0.783772     0.5747
      0.12   0.414255   0.827273   0.552064
      0.13   0.360886   0.874656   0.510951
      0.14   0.324329   0.900165    0.47685
      0.15   0.276887   0.944034   0.428186
      0.16   0.252027   0.960688   0.399302
      0.17   0.210449   0.986384   0.346888
      0.18    0.20156          1   0.335497
      0.19   0.187991          1   0.316486
       0.2   0.172895          1   0.294817
      0.21   0.154866          1   0.268197
      0.22   0.135215          1    0.23822
      0.23   0.125795          1   0.223478
      0.24   0.116064          1   0.207987
      0.25   0.111011          1   0.199837
      0.26  0.0900499          1   0.165222
      0.27  0.0782595          1   0.145159
      0.28  0.0502183          1  0.0956341
      0.29  0.0264504          1  0.0515376
       0.3 0.00486588          1 0.00968463
      0.31          0          0          0
      0.32          0          0          0
      0.33          0          0          0
      0.34          0          0          0
      0.35          0          0          0
      0.36          0          0          0
      0.37          0          0          0
      0.38          0          0          0
      0.39          0          0          0
       0.4          0          0          0
      0.41          0          0          0
      0.42          0          0          0
      0.43          0          0          0
      0.44          0          0          0
      0.45          0          0          0
      0.46          0          0          0
      0.47          0          0          0
      0.48          0          0          0
      0.49          0          0          0
       0.5          0          0          0
      0.51          0          0          0
      0.52          0          0          0
      0.53          0          0          0
      0.54          0          0          0
      0.55          0          0          0
      0.56          0          0          0
      0.57          0          0          0
      0.58          0          0          0
      0.59          0          0          0
       0.6          0          0          0
      0.61          0          0          0
      0.62          0          0          0
      0.63          0          0          0
      0.64          0          0          0
      0.65          0          0          0
      0.66          0          0          0
      0.67          0          0          0
      0.68          0          0          0
      0.69          0          0          0
       0.7          0          0          0
      0.71          0          0          0
      0.72          0          0          0
      0.73          0          0          0
      0.74          0          0          0
      0.75          0          0          0
      0.76          0          0          0
      0.77          0          0          0
      0.78          0          0          0
      0.79          0          0          0
       0.8          0          0          0
      0.81          0          0          0
      0.82          0          0          0
      0.83          0          0          0
      0.84          0          0          0
      0.85          0          0          0
      0.86          0          0          0
      0.87          0          0          0
      0.88          0          0          0
      0.89          0          0          0
       0.9          0          0          0
      0.91          0          0          0
      0.92          0          0          0
      0.93          0          0          0
      0.94          0          0          0
      0.95          0          0          0
      0.96          0          0          0
      0.97          0          0          0
      0.98          0          0          0
      0.99          0          0          0
