         0          1   0.289124   0.448559
      0.01    0.94424   0.297767   0.452756
      0.02   0.943464   0.333026   0.492285
      0.03   0.938664   0.371261   0.532076
      0.04    0.92276   0.451862   0.606654
      0.05   0.914566   0.518686   0.661953
      0.06   0.901232   0.587384   0.711223
      0.07   0.881837   0.651148   0.749135
      0.08   0.850417   0.729306   0.785219
      0.09   0.822149   0.759236   0.789441
       0.1   0.785008   0.785578   0.785293
      0.11   0.740206   0.810066   0.773562
      0.12   0.718871   0.834792   0.772507
      0.13   0.679742   0.861208    0.75979
      0.14   0.617533   0.877067   0.724766
      0.15   0.525698   0.888241    0.66049
      0.16   0.476823   0.905356   0.624658
      0.17    0.41956   0.925199   0.577317
      0.18   0.379558   0.936332   0.540155
      0.19   0.299311   0.944007   0.454513
       0.2   0.245054   0.952891   0.389851
      0.21   0.141922   0.975845   0.247805
      0.22  0.0959562   0.987593   0.174917
      0.23  0.0743309   0.987138   0.138252
      0.24  0.0636637          1   0.119706
      0.25  0.0416505          1  0.0799702
      0.26  0.0370927          1  0.0715321
      0.27  0.0317106          1  0.0614719
      0.28  0.0158068          1  0.0311217
      0.29 0.00712762          1  0.0141543
       0.3 0.00169705          1 0.00338835
      0.31          0          0          0
      0.32          0          0          0
      0.33          0          0          0
      0.34          0          0          0
      0.35          0          0          0
      0.36          0          0          0
      0.37          0          0          0
      0.38          0          0          0
      0.39          0          0          0
       0.4          0          0          0
      0.41          0          0          0
      0.42          0          0          0
      0.43          0          0          0
      0.44          0          0          0
      0.45          0          0          0
      0.46          0          0          0
      0.47          0          0          0
      0.48          0          0          0
      0.49          0          0          0
       0.5          0          0          0
      0.51          0          0          0
      0.52          0          0          0
      0.53          0          0          0
      0.54          0          0          0
      0.55          0          0          0
      0.56          0          0          0
      0.57          0          0          0
      0.58          0          0          0
      0.59          0          0          0
       0.6          0          0          0
      0.61          0          0          0
      0.62          0          0          0
      0.63          0          0          0
      0.64          0          0          0
      0.65          0          0          0
      0.66          0          0          0
      0.67          0          0          0
      0.68          0          0          0
      0.69          0          0          0
       0.7          0          0          0
      0.71          0          0          0
      0.72          0          0          0
      0.73          0          0          0
      0.74          0          0          0
      0.75          0          0          0
      0.76          0          0          0
      0.77          0          0          0
      0.78          0          0          0
      0.79          0          0          0
       0.8          0          0          0
      0.81          0          0          0
      0.82          0          0          0
      0.83          0          0          0
      0.84          0          0          0
      0.85          0          0          0
      0.86          0          0          0
      0.87          0          0          0
      0.88          0          0          0
      0.89          0          0          0
       0.9          0          0          0
      0.91          0          0          0
      0.92          0          0          0
      0.93          0          0          0
      0.94          0          0          0
      0.95          0          0          0
      0.96          0          0          0
      0.97          0          0          0
      0.98          0          0          0
      0.99          0          0          0
