         0          1   0.317058   0.481463
      0.01   0.940624   0.320808    0.47844
      0.02   0.940575   0.322688   0.480521
      0.03   0.940428   0.328687   0.487121
      0.04   0.934945   0.349123   0.508402
      0.05   0.925841   0.370171   0.528883
      0.06   0.899016   0.403637   0.557134
      0.07   0.872632   0.423304   0.570073
      0.08   0.829997   0.453893   0.586856
      0.09   0.792844   0.472123   0.591825
       0.1   0.714279   0.500178   0.588356
      0.11   0.639826   0.531934   0.580913
      0.12   0.595575   0.556629   0.575444
      0.13   0.524744   0.595378   0.557834
      0.14   0.477165   0.621946    0.54002
      0.15   0.421558   0.645629    0.51007
      0.16   0.381614   0.660896   0.483846
      0.17   0.320084   0.672263    0.43368
      0.18   0.282491   0.671953   0.397761
      0.19   0.239415   0.671246   0.352944
       0.2   0.221646   0.694352   0.336027
      0.21   0.193353    0.74477   0.307003
      0.22   0.164521   0.775891   0.271478
      0.23   0.148465   0.783133    0.24961
      0.24    0.12169     0.7851   0.210718
      0.25  0.0905086   0.809524   0.162814
      0.26  0.0603554   0.826087   0.112492
      0.27  0.0491458   0.836066  0.0928346
      0.28  0.0350482   0.936709  0.0675683
      0.29  0.0292721          1  0.0568793
       0.3  0.0189926          1  0.0372772
      0.31          0          0          0
      0.32          0          0          0
      0.33          0          0          0
      0.34          0          0          0
      0.35          0          0          0
      0.36          0          0          0
      0.37          0          0          0
      0.38          0          0          0
      0.39          0          0          0
       0.4          0          0          0
      0.41          0          0          0
      0.42          0          0          0
      0.43          0          0          0
      0.44          0          0          0
      0.45          0          0          0
      0.46          0          0          0
      0.47          0          0          0
      0.48          0          0          0
      0.49          0          0          0
       0.5          0          0          0
      0.51          0          0          0
      0.52          0          0          0
      0.53          0          0          0
      0.54          0          0          0
      0.55          0          0          0
      0.56          0          0          0
      0.57          0          0          0
      0.58          0          0          0
      0.59          0          0          0
       0.6          0          0          0
      0.61          0          0          0
      0.62          0          0          0
      0.63          0          0          0
      0.64          0          0          0
      0.65          0          0          0
      0.66          0          0          0
      0.67          0          0          0
      0.68          0          0          0
      0.69          0          0          0
       0.7          0          0          0
      0.71          0          0          0
      0.72          0          0          0
      0.73          0          0          0
      0.74          0          0          0
      0.75          0          0          0
      0.76          0          0          0
      0.77          0          0          0
      0.78          0          0          0
      0.79          0          0          0
       0.8          0          0          0
      0.81          0          0          0
      0.82          0          0          0
      0.83          0          0          0
      0.84          0          0          0
      0.85          0          0          0
      0.86          0          0          0
      0.87          0          0          0
      0.88          0          0          0
      0.89          0          0          0
       0.9          0          0          0
      0.91          0          0          0
      0.92          0          0          0
      0.93          0          0          0
      0.94          0          0          0
      0.95          0          0          0
      0.96          0          0          0
      0.97          0          0          0
      0.98          0          0          0
      0.99          0          0          0
