         0          1    0.28722   0.446264
      0.01   0.940987   0.300364   0.455373
      0.02   0.935525   0.316562   0.473053
      0.03   0.920823    0.34182   0.498567
      0.04   0.868702   0.367059   0.516062
      0.05   0.826382   0.386089   0.526292
      0.06   0.778907   0.405683     0.5335
      0.07   0.751085   0.417127   0.536372
      0.08   0.699423   0.429072   0.531864
      0.09   0.667926   0.434934   0.526819
       0.1   0.604727   0.436891   0.507288
      0.11   0.554699   0.444393   0.493457
      0.12   0.518199   0.439777   0.475778
      0.13   0.439992   0.413301   0.426229
      0.14   0.386952   0.399862   0.393301
      0.15   0.319057   0.388186   0.350243
      0.16   0.276022   0.379088   0.319448
      0.17   0.209505   0.385761   0.271539
      0.18   0.173924   0.397476   0.241969
      0.19   0.128184   0.435632   0.198083
       0.2   0.110623   0.545918   0.183968
      0.21  0.0796876   0.770677    0.14444
      0.22  0.0297106   0.873016  0.0574654
      0.23 0.00872939          1  0.0173077
      0.24          0          0          0
      0.25          0          0          0
      0.26          0          0          0
      0.27          0          0          0
      0.28          0          0          0
      0.29          0          0          0
       0.3          0          0          0
      0.31          0          0          0
      0.32          0          0          0
      0.33          0          0          0
      0.34          0          0          0
      0.35          0          0          0
      0.36          0          0          0
      0.37          0          0          0
      0.38          0          0          0
      0.39          0          0          0
       0.4          0          0          0
      0.41          0          0          0
      0.42          0          0          0
      0.43          0          0          0
      0.44          0          0          0
      0.45          0          0          0
      0.46          0          0          0
      0.47          0          0          0
      0.48          0          0          0
      0.49          0          0          0
       0.5          0          0          0
      0.51          0          0          0
      0.52          0          0          0
      0.53          0          0          0
      0.54          0          0          0
      0.55          0          0          0
      0.56          0          0          0
      0.57          0          0          0
      0.58          0          0          0
      0.59          0          0          0
       0.6          0          0          0
      0.61          0          0          0
      0.62          0          0          0
      0.63          0          0          0
      0.64          0          0          0
      0.65          0          0          0
      0.66          0          0          0
      0.67          0          0          0
      0.68          0          0          0
      0.69          0          0          0
       0.7          0          0          0
      0.71          0          0          0
      0.72          0          0          0
      0.73          0          0          0
      0.74          0          0          0
      0.75          0          0          0
      0.76          0          0          0
      0.77          0          0          0
      0.78          0          0          0
      0.79          0          0          0
       0.8          0          0          0
      0.81          0          0          0
      0.82          0          0          0
      0.83          0          0          0
      0.84          0          0          0
      0.85          0          0          0
      0.86          0          0          0
      0.87          0          0          0
      0.88          0          0          0
      0.89          0          0          0
       0.9          0          0          0
      0.91          0          0          0
      0.92          0          0          0
      0.93          0          0          0
      0.94          0          0          0
      0.95          0          0          0
      0.96          0          0          0
      0.97          0          0          0
      0.98          0          0          0
      0.99          0          0          0
