         0          1   0.273534   0.429567
      0.01   0.973229   0.292161    0.44941
      0.02   0.972891   0.313936   0.474695
      0.03    0.97168   0.336485   0.499869
      0.04   0.964225   0.383148   0.548387
      0.05    0.95798   0.410945   0.575162
      0.06   0.945926   0.450622   0.610441
      0.07   0.937745   0.472693   0.628551
      0.08   0.920318   0.505579   0.652632
      0.09   0.904972   0.524592   0.664176
       0.1   0.869923   0.548188   0.672559
      0.11   0.842233    0.57631   0.684346
      0.12   0.811154   0.587152   0.681211
      0.13   0.726485   0.594851   0.654111
      0.14   0.658227   0.596849   0.626037
      0.15   0.533959   0.595939   0.563249
      0.16   0.438108    0.58969   0.502721
      0.17   0.336593   0.621951   0.436797
      0.18   0.315583   0.664493   0.427932
      0.19   0.299027   0.744334   0.426652
       0.2   0.289006   0.799525   0.424549
      0.21   0.284843   0.885949   0.431086
      0.22   0.275016   0.956212   0.427173
      0.23   0.267173   0.974026   0.419326
      0.24   0.251101   0.997564   0.401212
      0.25   0.234545          1    0.37997
      0.26   0.173404          1   0.295557
      0.27   0.110035          1   0.198256
      0.28  0.0647238          1   0.121579
      0.29  0.0508302          1   0.096743
       0.3  0.0264317          1  0.0515021
      0.31 0.00551871          1  0.0109768
      0.32          0          0          0
      0.33          0          0          0
      0.34          0          0          0
      0.35          0          0          0
      0.36          0          0          0
      0.37          0          0          0
      0.38          0          0          0
      0.39          0          0          0
       0.4          0          0          0
      0.41          0          0          0
      0.42          0          0          0
      0.43          0          0          0
      0.44          0          0          0
      0.45          0          0          0
      0.46          0          0          0
      0.47          0          0          0
      0.48          0          0          0
      0.49          0          0          0
       0.5          0          0          0
      0.51          0          0          0
      0.52          0          0          0
      0.53          0          0          0
      0.54          0          0          0
      0.55          0          0          0
      0.56          0          0          0
      0.57          0          0          0
      0.58          0          0          0
      0.59          0          0          0
       0.6          0          0          0
      0.61          0          0          0
      0.62          0          0          0
      0.63          0          0          0
      0.64          0          0          0
      0.65          0          0          0
      0.66          0          0          0
      0.67          0          0          0
      0.68          0          0          0
      0.69          0          0          0
       0.7          0          0          0
      0.71          0          0          0
      0.72          0          0          0
      0.73          0          0          0
      0.74          0          0          0
      0.75          0          0          0
      0.76          0          0          0
      0.77          0          0          0
      0.78          0          0          0
      0.79          0          0          0
       0.8          0          0          0
      0.81          0          0          0
      0.82          0          0          0
      0.83          0          0          0
      0.84          0          0          0
      0.85          0          0          0
      0.86          0          0          0
      0.87          0          0          0
      0.88          0          0          0
      0.89          0          0          0
       0.9          0          0          0
      0.91          0          0          0
      0.92          0          0          0
      0.93          0          0          0
      0.94          0          0          0
      0.95          0          0          0
      0.96          0          0          0
      0.97          0          0          0
      0.98          0          0          0
      0.99          0          0          0
