         0          1   0.279386    0.43675
      0.01   0.940557   0.291094   0.444591
      0.02   0.936757   0.315449   0.471966
      0.03   0.929804     0.3336   0.491027
      0.04   0.906139   0.366332   0.521737
      0.05   0.881341   0.391775   0.542428
      0.06   0.832995   0.432268   0.569173
      0.07   0.794065   0.459293    0.58197
      0.08   0.729426   0.500563   0.593702
      0.09   0.682859   0.527584   0.595262
       0.1   0.609067   0.570035   0.588905
      0.11   0.537814   0.611434   0.572266
      0.12   0.492061    0.63557   0.554684
      0.13   0.425302   0.668224   0.519781
      0.14   0.382785   0.688771   0.492091
      0.15   0.327283   0.718503   0.449717
      0.16   0.294384   0.736938   0.420708
      0.17   0.249344   0.765556   0.376168
      0.18   0.222667   0.781785   0.346612
      0.19   0.185165   0.810341   0.301449
       0.2   0.163845    0.83356    0.27386
      0.21   0.134866    0.87115   0.233571
      0.22   0.108019    0.90531   0.193008
      0.23  0.0921448   0.922958   0.167561
      0.24  0.0719596   0.943856   0.133724
      0.25  0.0579885   0.950792    0.10931
      0.26  0.0376823    0.94272   0.072468
      0.27  0.0258521   0.937167  0.0503163
      0.28  0.0127537   0.919877  0.0251585
      0.29 0.00735218   0.878947  0.0145824
       0.3  0.0020829   0.740484 0.00415411
      0.31 0.000115943   0.202899 0.000231753
      0.32          0          0          0
      0.33          0          0          0
      0.34          0          0          0
      0.35          0          0          0
      0.36          0          0          0
      0.37          0          0          0
      0.38          0          0          0
      0.39          0          0          0
       0.4          0          0          0
      0.41          0          0          0
      0.42          0          0          0
      0.43          0          0          0
      0.44          0          0          0
      0.45          0          0          0
      0.46          0          0          0
      0.47          0          0          0
      0.48          0          0          0
      0.49          0          0          0
       0.5          0          0          0
      0.51          0          0          0
      0.52          0          0          0
      0.53          0          0          0
      0.54          0          0          0
      0.55          0          0          0
      0.56          0          0          0
      0.57          0          0          0
      0.58          0          0          0
      0.59          0          0          0
       0.6          0          0          0
      0.61          0          0          0
      0.62          0          0          0
      0.63          0          0          0
      0.64          0          0          0
      0.65          0          0          0
      0.66          0          0          0
      0.67          0          0          0
      0.68          0          0          0
      0.69          0          0          0
       0.7          0          0          0
      0.71          0          0          0
      0.72          0          0          0
      0.73          0          0          0
      0.74          0          0          0
      0.75          0          0          0
      0.76          0          0          0
      0.77          0          0          0
      0.78          0          0          0
      0.79          0          0          0
       0.8          0          0          0
      0.81          0          0          0
      0.82          0          0          0
      0.83          0          0          0
      0.84          0          0          0
      0.85          0          0          0
      0.86          0          0          0
      0.87          0          0          0
      0.88          0          0          0
      0.89          0          0          0
       0.9          0          0          0
      0.91          0          0          0
      0.92          0          0          0
      0.93          0          0          0
      0.94          0          0          0
      0.95          0          0          0
      0.96          0          0          0
      0.97          0          0          0
      0.98          0          0          0
      0.99          0          0          0
