         0          1   0.295659   0.456384
      0.01   0.915924   0.269554   0.416526
      0.02   0.915924   0.270378   0.417509
      0.03   0.915924   0.270733   0.417932
      0.04   0.915924   0.272008    0.41945
      0.05   0.915924   0.273497   0.421218
      0.06   0.915611   0.277275    0.42565
      0.07   0.915611   0.281267   0.430338
      0.08   0.914281    0.28812   0.438161
      0.09   0.913968   0.293162   0.443931
       0.1   0.911935   0.302008   0.453748
      0.11    0.91041    0.31363   0.466541
      0.12   0.909158    0.32123   0.474727
      0.13   0.902823   0.333586   0.487168
      0.14   0.898835   0.341601   0.495056
      0.15   0.891678   0.357596   0.510473
      0.16   0.889371   0.372147   0.524728
      0.17   0.878148   0.390636   0.540733
      0.18   0.875332   0.406321   0.555011
      0.19   0.864735   0.432202   0.576343
       0.2   0.856953   0.450866   0.590863
      0.21   0.839747   0.481378   0.611956
      0.22   0.823166   0.508361   0.628549
      0.23   0.812216    0.53058   0.641864
      0.24   0.793993   0.571711   0.664763
      0.25    0.77886   0.596801   0.675783
      0.26   0.753793   0.636534   0.690219
      0.27   0.739911     0.6659   0.700957
      0.28   0.724816   0.711118   0.717902
      0.29   0.707688    0.74254   0.724695
       0.3   0.680745   0.785603   0.729424
      0.31   0.663656   0.814561   0.731406
      0.32   0.643751   0.832646   0.726114
      0.33   0.612701   0.866058   0.717676
      0.34   0.599445    0.88474   0.714672
      0.35   0.575512   0.911536   0.705559
      0.36   0.560261   0.918406   0.695961
      0.37   0.519787   0.938904   0.669135
      0.38   0.502033   0.949405   0.656773
      0.39   0.476771   0.961093   0.637364
       0.4   0.456828   0.964286   0.619954
      0.41   0.430627   0.969246   0.596316
      0.42   0.404779    0.97593   0.572222
      0.43   0.384092   0.978698   0.551677
      0.44   0.355662   0.981208   0.522083
      0.45   0.327937   0.980938   0.491545
      0.46   0.300446   0.981758   0.460091
      0.47   0.266502   0.981481   0.419184
      0.48   0.246129   0.985772   0.393906
      0.49   0.234241   0.986726   0.378604
       0.5   0.212107     0.9875   0.349207
      0.51   0.185476   0.986034   0.312222
      0.52   0.168583   0.984472    0.28787
      0.53   0.154661   0.986301   0.267393
      0.54   0.136556   0.985075   0.239861
      0.55   0.122008   0.987013   0.217171
      0.56   0.113914    0.99061   0.204331
      0.57    0.10183   0.994737   0.184748
      0.58  0.0979978          1   0.178503
      0.59   0.084311          1   0.155511
       0.6  0.0761771          1    0.14157
      0.61  0.0688644          1   0.128855
      0.62  0.0570546          1    0.10795
      0.63  0.0506804          1  0.0964716
      0.64  0.0430158          1  0.0824835
      0.65  0.0398092          1  0.0765701
      0.66  0.0267871          1  0.0521766
      0.67  0.0243626          1  0.0475663
      0.68  0.0214688          1  0.0420351
      0.69  0.0197091          1  0.0386562
       0.7  0.0127874          1  0.0252519
      0.71  0.0107931          1  0.0213556
      0.72   0.008916          1  0.0176744
      0.73 0.00543563          1  0.0108125
      0.74          0          0          0
      0.75          0          0          0
      0.76          0          0          0
      0.77          0          0          0
      0.78          0          0          0
      0.79          0          0          0
       0.8          0          0          0
      0.81          0          0          0
      0.82          0          0          0
      0.83          0          0          0
      0.84          0          0          0
      0.85          0          0          0
      0.86          0          0          0
      0.87          0          0          0
      0.88          0          0          0
      0.89          0          0          0
       0.9          0          0          0
      0.91          0          0          0
      0.92          0          0          0
      0.93          0          0          0
      0.94          0          0          0
      0.95          0          0          0
      0.96          0          0          0
      0.97          0          0          0
      0.98          0          0          0
      0.99          0          0          0
