         0          1   0.168956   0.289072
      0.01   0.896784   0.164736   0.278341
      0.02   0.896784   0.165221   0.279034
      0.03   0.896538   0.166736   0.281179
      0.04   0.895307   0.176413   0.294749
      0.05   0.894076   0.195061   0.320253
      0.06   0.887266   0.214785   0.345849
      0.07   0.883164   0.221779    0.35453
      0.08   0.877913   0.235901   0.371876
      0.09   0.875451   0.244113   0.381771
       0.1   0.869462   0.253993    0.39314
      0.11   0.847637   0.262305   0.400633
      0.12   0.839514    0.26889   0.407319
      0.13   0.826961   0.276154   0.414043
      0.14   0.818018   0.283715   0.421307
      0.15   0.806695   0.288503   0.425008
      0.16   0.788398   0.292574   0.426773
      0.17   0.762553   0.296199   0.426668
      0.18   0.753774   0.303391   0.432645
      0.19   0.739498   0.315686   0.442481
       0.2    0.73277   0.325985   0.451232
      0.21   0.715048   0.333704   0.455044
      0.22   0.694782   0.338429   0.455153
      0.23   0.669511   0.341856   0.452608
      0.24   0.641204   0.346114   0.449561
      0.25   0.624138   0.344715   0.444133
      0.26   0.586314   0.346535   0.435608
      0.27    0.56449   0.352941   0.434325
      0.28   0.540203   0.362404   0.433792
      0.29   0.518543   0.373077   0.433944
       0.3   0.504102    0.38767   0.438285
      0.31   0.484493   0.404963   0.441173
      0.32   0.478585   0.414982    0.44452
      0.33   0.468904   0.426198   0.446532
      0.34   0.463078   0.430194   0.446031
      0.35   0.436659   0.436193   0.436426
      0.36   0.428372   0.441509   0.434842
      0.37   0.420496   0.450326     0.4349
      0.38   0.413029   0.452137   0.431699
      0.39    0.39744   0.459834   0.426366
       0.4   0.379964   0.461765    0.41689
      0.41   0.361749   0.476138   0.411135
      0.42    0.35215    0.48445   0.407839
      0.43   0.347145   0.498715    0.40935
      0.44   0.331063   0.514032   0.402741
      0.45   0.311536   0.513732   0.387864
      0.46   0.287906   0.541667   0.375975
      0.47   0.274861   0.550209   0.366589
      0.48   0.251067   0.564792    0.34761
      0.49    0.23638   0.572603   0.334622
       0.5   0.203889   0.596091   0.303849
      0.51   0.177306   0.593625   0.273054
      0.52   0.145717   0.579439   0.232872
      0.53   0.122005   0.610465   0.203366
      0.54      0.117   0.612903   0.196491
      0.55   0.090745   0.617886   0.158249
      0.56  0.0868067   0.660377   0.153443
      0.57  0.0626026   0.772727   0.115822
      0.58  0.0504595       0.84  0.0952002
      0.59   0.046193   0.860465   0.087679
       0.6  0.0411881   0.864865  0.0786314
      0.61  0.0384805   0.888889  0.0737675
      0.62  0.0182146   0.818182  0.0356359
      0.63  0.0150968          1  0.0297446
      0.64  0.0108303          1  0.0214286
      0.65 0.00845094          1  0.0167602
      0.66 0.00516902          1  0.0102849
      0.67          0          0          0
      0.68          0          0          0
      0.69          0          0          0
       0.7          0          0          0
      0.71          0          0          0
      0.72          0          0          0
      0.73          0          0          0
      0.74          0          0          0
      0.75          0          0          0
      0.76          0          0          0
      0.77          0          0          0
      0.78          0          0          0
      0.79          0          0          0
       0.8          0          0          0
      0.81          0          0          0
      0.82          0          0          0
      0.83          0          0          0
      0.84          0          0          0
      0.85          0          0          0
      0.86          0          0          0
      0.87          0          0          0
      0.88          0          0          0
      0.89          0          0          0
       0.9          0          0          0
      0.91          0          0          0
      0.92          0          0          0
      0.93          0          0          0
      0.94          0          0          0
      0.95          0          0          0
      0.96          0          0          0
      0.97          0          0          0
      0.98          0          0          0
      0.99          0          0          0
