         0          1   0.337394   0.504555
      0.01   0.906166   0.332354   0.486335
      0.02   0.906166   0.332456   0.486445
      0.03   0.906166    0.33274   0.486748
      0.04   0.903213   0.334163    0.48784
      0.05   0.903213   0.336283   0.490095
      0.06   0.902443   0.340429   0.494367
      0.07   0.901716   0.344402   0.498433
      0.08   0.897437   0.351856   0.505516
      0.09   0.894442   0.356337   0.509638
       0.1   0.887382   0.367332   0.519583
      0.11   0.877754   0.382198   0.532522
      0.12   0.868042   0.393037    0.54108
      0.13   0.852253   0.409151   0.552876
      0.14    0.83732    0.42003    0.55943
      0.15   0.815755   0.439486   0.571225
      0.16   0.789911   0.455841   0.578083
      0.17   0.746609   0.478744   0.583398
      0.18    0.71931   0.496015   0.587149
      0.19   0.677506   0.524786   0.591447
       0.2   0.656626   0.542764    0.59429
      0.21   0.610158    0.56498   0.586701
      0.22   0.573617    0.58689   0.580177
      0.23   0.548115   0.599147   0.572496
      0.24   0.517222   0.616443   0.562491
      0.25   0.494801   0.629226   0.553976
      0.26   0.465149   0.658473    0.54518
      0.27   0.445894   0.672995   0.536397
      0.28   0.415729   0.703846   0.522715
      0.29   0.400068   0.729205   0.516672
       0.3   0.380857   0.758621    0.50712
      0.31   0.357066   0.778988   0.489678
      0.32   0.340165   0.785166    0.47468
      0.33   0.310214    0.81336    0.44913
      0.34   0.300629   0.833686   0.441906
      0.35   0.284797   0.859005    0.42777
      0.36   0.274571   0.870968    0.41752
      0.37   0.258526   0.901306   0.401801
      0.38   0.245903     0.9104   0.387217
      0.39   0.220573   0.917582   0.355652
       0.4   0.204484    0.92623   0.335008
      0.41   0.185529   0.954976   0.310697
      0.42   0.170682   0.954424   0.289577
      0.43   0.152582   0.959248   0.263285
      0.44   0.132172   0.957529   0.232282
      0.45   0.115185   0.954751    0.20557
      0.46  0.0971289   0.950276   0.176244
      0.47  0.0778743   0.947712   0.143922
      0.48  0.0699585   0.963235   0.130443
      0.49  0.0636686      0.968   0.119479
       0.5   0.058748   0.970297   0.110788
      0.51  0.0463823   0.974359  0.0885493
      0.52  0.0423602   0.970588  0.0811775
      0.53  0.0402636          1  0.0774103
      0.54  0.0389799          1   0.075035
      0.55  0.0326473          1  0.0632303
      0.56  0.0299516          1  0.0581613
      0.57  0.0280262          1  0.0545243
      0.58  0.0267425          1   0.052092
      0.59  0.0237046          1  0.0463114
       0.6  0.0233623          1  0.0456579
      0.61   0.022207          1  0.0434491
      0.62  0.0177143          1  0.0348119
      0.63  0.0169013          1  0.0332408
      0.64  0.0169013          1  0.0332408
      0.65  0.0161311          1    0.03175
      0.66  0.0158744          1  0.0312526
      0.67  0.0151042          1  0.0297589
      0.68  0.0151042          1  0.0297589
      0.69  0.0151042          1  0.0297589
       0.7  0.0134782          1   0.026598
      0.71  0.0126225          1  0.0249303
      0.72  0.0121946          1  0.0240954
      0.73  0.0053913          1  0.0107248
      0.74  0.0053913          1  0.0107248
      0.75          0          0          0
      0.76          0          0          0
      0.77          0          0          0
      0.78          0          0          0
      0.79          0          0          0
       0.8          0          0          0
      0.81          0          0          0
      0.82          0          0          0
      0.83          0          0          0
      0.84          0          0          0
      0.85          0          0          0
      0.86          0          0          0
      0.87          0          0          0
      0.88          0          0          0
      0.89          0          0          0
       0.9          0          0          0
      0.91          0          0          0
      0.92          0          0          0
      0.93          0          0          0
      0.94          0          0          0
      0.95          0          0          0
      0.96          0          0          0
      0.97          0          0          0
      0.98          0          0          0
      0.99          0          0          0
