         0          1   0.223995   0.366006
      0.01   0.916038   0.259436   0.404353
      0.02   0.916038   0.260797   0.406005
      0.03   0.915909   0.261043   0.406289
      0.04   0.915909   0.264429   0.410379
      0.05    0.91578   0.266463   0.412811
      0.06   0.914877   0.267689   0.414188
      0.07   0.914684    0.26952   0.416357
      0.08   0.913587   0.272695    0.42002
      0.09   0.913007   0.275813   0.423645
       0.1   0.912104   0.281492   0.430212
      0.11   0.908106   0.287036   0.436198
      0.12    0.90198   0.290361   0.439303
      0.13   0.896047   0.296493   0.445556
      0.14   0.893338   0.302745   0.452232
      0.15    0.88431   0.312268   0.461553
      0.16   0.877604   0.319423   0.468372
      0.17    0.86606   0.333799   0.481873
      0.18   0.859547    0.34272   0.490047
      0.19   0.842652   0.356405   0.500936
       0.2    0.83285   0.368007    0.51046
      0.21   0.814342   0.383072   0.521042
      0.22   0.791449    0.40469   0.535543
      0.23   0.777649   0.418236   0.543934
      0.24   0.759334   0.437458   0.555112
      0.25    0.73354   0.450191   0.557953
      0.26   0.700071   0.476421   0.566988
      0.27   0.679629   0.494891   0.572731
      0.28    0.65493   0.520422   0.579979
      0.29   0.637519   0.538434   0.583802
       0.3   0.607016   0.563232   0.584305
      0.31   0.576191   0.582238   0.579199
      0.32   0.544851   0.591535   0.567234
      0.33   0.520217   0.611989   0.562384
      0.34   0.506997   0.625436   0.560023
      0.35   0.491649    0.65035   0.559972
      0.36   0.474624   0.668942   0.555274
      0.37   0.440317    0.68254   0.535302
      0.38   0.427291   0.691619   0.528233
      0.39   0.399239   0.709124   0.510861
       0.4   0.385568   0.726306   0.503727
      0.41   0.360031   0.741693   0.484754
      0.42   0.339331   0.764488   0.470031
      0.43   0.323789   0.769852   0.455853
      0.44   0.297672   0.789231   0.432296
      0.45   0.283807   0.798305   0.418745
      0.46   0.268137   0.833667   0.405765
      0.47   0.252209   0.855263   0.389545
      0.48    0.23886      0.875   0.375276
      0.49   0.227833   0.880952   0.362035
       0.5   0.210228   0.897898   0.340689
      0.51   0.187077   0.892734   0.309332
      0.52   0.157219   0.882353   0.266885
      0.53   0.139163   0.902913   0.241157
      0.54   0.124202   0.918919   0.218827
      0.55   0.110079   0.915584    0.19653
      0.56   0.084478    0.90625   0.154549
      0.57  0.0736442    0.93578   0.136543
      0.58  0.0653898   0.930233    0.12219
      0.59  0.0426904   0.903846    0.08153
       0.6  0.0267621   0.871795  0.0519301
      0.61  0.0245051      0.875   0.047675
      0.62  0.0214097   0.888889  0.0418123
      0.63  0.0194106          1   0.038082
      0.64  0.0169601          1  0.0333545
      0.65  0.0152834          1  0.0301067
      0.66  0.0116721          1   0.023075
      0.67 0.00825434          1  0.0163735
      0.68          0          0          0
      0.69          0          0          0
       0.7          0          0          0
      0.71          0          0          0
      0.72          0          0          0
      0.73          0          0          0
      0.74          0          0          0
      0.75          0          0          0
      0.76          0          0          0
      0.77          0          0          0
      0.78          0          0          0
      0.79          0          0          0
       0.8          0          0          0
      0.81          0          0          0
      0.82          0          0          0
      0.83          0          0          0
      0.84          0          0          0
      0.85          0          0          0
      0.86          0          0          0
      0.87          0          0          0
      0.88          0          0          0
      0.89          0          0          0
       0.9          0          0          0
      0.91          0          0          0
      0.92          0          0          0
      0.93          0          0          0
      0.94          0          0          0
      0.95          0          0          0
      0.96          0          0          0
      0.97          0          0          0
      0.98          0          0          0
      0.99          0          0          0
