         0          1   0.282356    0.44037
      0.01   0.916498   0.285191   0.435016
      0.02   0.916498   0.285211    0.43504
      0.03   0.916498   0.285513    0.43539
      0.04   0.916498   0.286088   0.436058
      0.05   0.916498   0.287307   0.437474
      0.06   0.916441   0.289934   0.440506
      0.07   0.916385    0.29345   0.444546
      0.08     0.9125   0.301885   0.453679
      0.09   0.909403   0.308457   0.460664
       0.1    0.90259   0.321084   0.473668
      0.11   0.894482   0.335469    0.48794
      0.12   0.877646    0.34407    0.49434
      0.13   0.854054   0.358259   0.504775
      0.14   0.841498   0.367321   0.511408
      0.15   0.806982    0.38023   0.516907
      0.16   0.788739   0.388889   0.520932
      0.17    0.76036   0.403645   0.527344
      0.18   0.739189   0.410719   0.528041
      0.19   0.717736   0.421534    0.53113
       0.2   0.698874   0.430067   0.532468
      0.21   0.673592   0.443084   0.534547
      0.22   0.641498   0.456204   0.533212
      0.23   0.617568   0.463279   0.529411
      0.24   0.574155   0.476576   0.520834
      0.25   0.547523   0.487048   0.515518
      0.26   0.516104   0.503912   0.509935
      0.27   0.494651   0.510778   0.502585
      0.28   0.458784   0.519499   0.487257
      0.29   0.438908   0.525112   0.478156
       0.3   0.402252   0.543986   0.462504
      0.31   0.367511    0.54881   0.440225
      0.32   0.352027    0.55755   0.431569
      0.33   0.327815   0.571598   0.416669
      0.34   0.310698   0.582631   0.405276
      0.35   0.281869   0.585932   0.380631
      0.36   0.261486   0.589582   0.362292
      0.37   0.246115   0.601405   0.349289
      0.38   0.237331   0.602444   0.340517
      0.39   0.220158   0.601259   0.322301
       0.4   0.209122    0.60678   0.311044
      0.41    0.19161   0.602548   0.290759
      0.42   0.184234   0.617605   0.283807
      0.43   0.174043   0.613312   0.271142
      0.44   0.165484   0.629295   0.262056
      0.45   0.150169   0.638554   0.243155
      0.46    0.13598   0.644186   0.224558
      0.47   0.123761   0.640704    0.20745
      0.48   0.113908   0.644886   0.193616
      0.49   0.105856   0.638365   0.181598
       0.5  0.0907095   0.639706   0.158889
      0.51  0.0849662   0.651639   0.150331
      0.52  0.0789977   0.654867   0.140988
      0.53  0.0733671   0.693069   0.132688
      0.54    0.06875   0.699482   0.125195
      0.55  0.0673423   0.741176   0.123467
      0.56  0.0633446   0.735849   0.116648
      0.57   0.058277   0.737589   0.108019
      0.58   0.054223   0.707317   0.100724
      0.59   0.051295    0.72973  0.0958523
       0.6  0.0511824   0.738318  0.0957287
      0.61  0.0481419   0.795181  0.0907873
      0.62  0.0444257   0.861111  0.0844923
      0.63  0.0436374     0.9375  0.0833931
      0.64  0.0411036   0.931034  0.0787314
      0.65  0.0399775   0.944444   0.076708
      0.66  0.0364302   0.955556  0.0701846
      0.67  0.0313063          1  0.0607119
      0.68  0.0279842          1  0.0544449
      0.69  0.0223536          1  0.0437297
       0.7  0.0179054          1  0.0351809
      0.71  0.0166667          1  0.0327869
      0.72   0.013795          1  0.0272147
      0.73  0.0080518          1   0.015975
      0.74 0.00760135          1   0.015088
      0.75 0.00630631          1  0.0125336
      0.76 0.00501126          1 0.00997255
      0.77  0.0036036          1 0.00718133
      0.78          0          0          0
      0.79          0          0          0
       0.8          0          0          0
      0.81          0          0          0
      0.82          0          0          0
      0.83          0          0          0
      0.84          0          0          0
      0.85          0          0          0
      0.86          0          0          0
      0.87          0          0          0
      0.88          0          0          0
      0.89          0          0          0
       0.9          0          0          0
      0.91          0          0          0
      0.92          0          0          0
      0.93          0          0          0
      0.94          0          0          0
      0.95          0          0          0
      0.96          0          0          0
      0.97          0          0          0
      0.98          0          0          0
      0.99          0          0          0
