         0          1   0.253826   0.404882
      0.01   0.900142   0.237336   0.375632
      0.02   0.900142   0.237599    0.37596
      0.03   0.900142   0.238408   0.376973
      0.04   0.899157   0.242126   0.381516
      0.05   0.898501   0.247044   0.387535
      0.06    0.89571   0.257977   0.400581
      0.07   0.890403   0.264921   0.408347
      0.08   0.883891   0.277409   0.422285
      0.09   0.877873   0.285815   0.431231
       0.1   0.865561   0.296407   0.441593
      0.11   0.849748   0.307305   0.451374
      0.12   0.835084   0.312839   0.455165
      0.13   0.807617   0.321298   0.459708
      0.14   0.791694   0.326564   0.462396
      0.15   0.757004   0.331832   0.461407
      0.16   0.737196   0.336807   0.462369
      0.17   0.689702   0.338456   0.454082
      0.18   0.660265   0.342156   0.450736
      0.19   0.611075   0.347855   0.443339
       0.2   0.581801   0.355216   0.441113
      0.21   0.532447   0.366685   0.434286
      0.22   0.482874   0.380213   0.425438
      0.23   0.455023   0.398466   0.424871
      0.24   0.415353   0.424837   0.420042
      0.25    0.40255   0.446221   0.423262
      0.26   0.376997     0.4724   0.419341
      0.27   0.355001   0.491738   0.412329
      0.28    0.32622    0.52809   0.403305
      0.29   0.309532   0.550871   0.396354
       0.3    0.28852   0.576923   0.384668
      0.31    0.25974   0.601325   0.362778
      0.32    0.24907   0.628698   0.356791
      0.33   0.224283   0.666667   0.335647
      0.34   0.211589   0.682635   0.323047
      0.35   0.198512    0.71167   0.310432
      0.36   0.192274   0.725061   0.303947
      0.37   0.187021   0.741144   0.298675
      0.38   0.181057   0.753623   0.291969
      0.39   0.165791   0.753205   0.271763
       0.4   0.162672   0.758389   0.267884
      0.41    0.15545   0.770909   0.258728
      0.42    0.14374   0.791837   0.243313
      0.43    0.13515   0.796537    0.23109
      0.44   0.116218    0.80402   0.203081
      0.45   0.111677   0.801075   0.196025
      0.46  0.0987087   0.793939   0.175587
      0.47  0.0844824   0.793103   0.152699
      0.48  0.0755089   0.813008   0.138184
      0.49  0.0704202    0.81982     0.1297
       0.5  0.0669184   0.846939   0.124036
      0.51  0.0572335   0.906667    0.10767
      0.52  0.0507223   0.953846  0.0963224
      0.53  0.0456883   0.943396  0.0871557
      0.54  0.0408733   0.956522  0.0783966
      0.55  0.0308601   0.970588  0.0598183
      0.56  0.0275224          1  0.0535705
      0.57  0.0198621          1  0.0389506
      0.58  0.0189866          1  0.0372657
      0.59  0.0158678          1  0.0312399
       0.6  0.0149376          1  0.0294355
      0.61 0.00366601          1 0.00730524
      0.62 0.00328299          1  0.0065445
      0.63 0.00284526          1 0.00567438
      0.64          0          0          0
      0.65          0          0          0
      0.66          0          0          0
      0.67          0          0          0
      0.68          0          0          0
      0.69          0          0          0
       0.7          0          0          0
      0.71          0          0          0
      0.72          0          0          0
      0.73          0          0          0
      0.74          0          0          0
      0.75          0          0          0
      0.76          0          0          0
      0.77          0          0          0
      0.78          0          0          0
      0.79          0          0          0
       0.8          0          0          0
      0.81          0          0          0
      0.82          0          0          0
      0.83          0          0          0
      0.84          0          0          0
      0.85          0          0          0
      0.86          0          0          0
      0.87          0          0          0
      0.88          0          0          0
      0.89          0          0          0
       0.9          0          0          0
      0.91          0          0          0
      0.92          0          0          0
      0.93          0          0          0
      0.94          0          0          0
      0.95          0          0          0
      0.96          0          0          0
      0.97          0          0          0
      0.98          0          0          0
      0.99          0          0          0
