         0          1   0.223412   0.365227
      0.01   0.953493   0.233494   0.375126
      0.02   0.953493    0.23351   0.375147
      0.03   0.953493   0.233892   0.375639
      0.04   0.953493   0.235787   0.378079
      0.05   0.953493   0.238141     0.3811
      0.06   0.953493   0.242617    0.38681
      0.07   0.953493   0.245672   0.390682
      0.08   0.953423   0.250128    0.39629
      0.09   0.953141   0.253423    0.40039
       0.1    0.95286   0.258798   0.407042
      0.11   0.951805   0.264338   0.413764
      0.12   0.948427   0.266661    0.41628
      0.13   0.939703   0.270763   0.420394
      0.14   0.933441    0.27377   0.423369
      0.15   0.915711   0.275016   0.422994
      0.16   0.899951   0.276402   0.422915
      0.17   0.881798   0.279476   0.424432
      0.18    0.86843   0.280587   0.424137
      0.19   0.831141   0.284874   0.424314
       0.2   0.804897   0.288772    0.42505
      0.21   0.755294   0.289173   0.418224
      0.22   0.704848   0.291826   0.412759
      0.23   0.665729   0.292992   0.406903
      0.24   0.612467   0.290256   0.393858
      0.25   0.572926   0.288617   0.383861
      0.26   0.515021   0.282857   0.365162
      0.27   0.462183   0.276652   0.346123
      0.28   0.408992   0.276971   0.330277
      0.29   0.368677   0.268522   0.310728
       0.3   0.301203   0.253339   0.275205
      0.31   0.240273   0.241764   0.241016
      0.32   0.209386   0.234384   0.221181
      0.33   0.173644   0.227368   0.196907
      0.34   0.142968   0.217116   0.172407
      0.35   0.113488   0.203229   0.145644
      0.36   0.094702   0.197198   0.127955
      0.37   0.079364   0.198221   0.113346
      0.38  0.0683881   0.190896     0.1007
      0.39  0.0579047   0.193202   0.089104
       0.4  0.0496025   0.187368  0.0784395
      0.41  0.0440442   0.201571  0.0722922
      0.42  0.0374305   0.212329  0.0636419
      0.43  0.0341237      0.224  0.0592251
      0.44  0.0315908   0.251282  0.0561256
      0.45  0.0257511   0.259494  0.0468527
      0.46  0.0232182   0.273438   0.042802
      0.47  0.0213185   0.271845  0.0395365
      0.48  0.0135791   0.287671  0.0259341
      0.49  0.0135791   0.333333  0.0260952
       0.5   0.012172   0.340426  0.0235035
      0.51  0.0106944        0.4  0.0208319
      0.52  0.0104834   0.588235  0.0205996
      0.53  0.0082319   0.555556  0.0162234
      0.54  0.0052065       0.75  0.0103412
      0.55  0.0038697          1 0.00770956
      0.56          0          0          0
      0.57          0          0          0
      0.58          0          0          0
      0.59          0          0          0
       0.6          0          0          0
      0.61          0          0          0
      0.62          0          0          0
      0.63          0          0          0
      0.64          0          0          0
      0.65          0          0          0
      0.66          0          0          0
      0.67          0          0          0
      0.68          0          0          0
      0.69          0          0          0
       0.7          0          0          0
      0.71          0          0          0
      0.72          0          0          0
      0.73          0          0          0
      0.74          0          0          0
      0.75          0          0          0
      0.76          0          0          0
      0.77          0          0          0
      0.78          0          0          0
      0.79          0          0          0
       0.8          0          0          0
      0.81          0          0          0
      0.82          0          0          0
      0.83          0          0          0
      0.84          0          0          0
      0.85          0          0          0
      0.86          0          0          0
      0.87          0          0          0
      0.88          0          0          0
      0.89          0          0          0
       0.9          0          0          0
      0.91          0          0          0
      0.92          0          0          0
      0.93          0          0          0
      0.94          0          0          0
      0.95          0          0          0
      0.96          0          0          0
      0.97          0          0          0
      0.98          0          0          0
      0.99          0          0          0
