         0          1   0.263807   0.417479
      0.01   0.931256   0.262953   0.410107
      0.02   0.931256   0.274433   0.423936
      0.03   0.931256   0.348304   0.506987
      0.04   0.931143   0.399143   0.558765
      0.05   0.930727   0.413739   0.572834
      0.06   0.930689   0.439378   0.596941
      0.07   0.930312   0.455239    0.61133
      0.08   0.929103   0.473248   0.627084
      0.09   0.927668   0.486577   0.638336
       0.1   0.926006   0.504102    0.65282
      0.11   0.923362   0.521545   0.666582
      0.12    0.91966   0.531509   0.673674
      0.13   0.911992   0.541241   0.679323
      0.14   0.905873   0.552116   0.686078
      0.15   0.901492   0.565234   0.694818
      0.16   0.892125   0.570618   0.696038
      0.17    0.85711   0.584152   0.694783
      0.18   0.833541   0.598433   0.696686
      0.19   0.794788   0.611082   0.690932
       0.2   0.780925   0.620309   0.691412
      0.21    0.74882   0.634825   0.687126
      0.22   0.705571   0.649679   0.676473
      0.23   0.676298   0.659389   0.667736
      0.24   0.636676   0.670497   0.653149
      0.25   0.608159   0.686388    0.64491
      0.26   0.559924   0.693766   0.619701
      0.27   0.520076   0.696244   0.595402
      0.28   0.467309   0.706897    0.56266
      0.29   0.436827   0.718833   0.543422
       0.3   0.401284    0.74247   0.520989
      0.31   0.370236   0.750207   0.495793
      0.32   0.344589   0.749333   0.472085
      0.33   0.296091   0.761953   0.426461
      0.34   0.261454   0.767338   0.390018
      0.35   0.238263   0.769231   0.363831
      0.36   0.221605   0.780822   0.345231
      0.37    0.18678   0.805643   0.303254
      0.38   0.178017   0.829352   0.293117
      0.39    0.16068   0.839925   0.269755
       0.4   0.155127   0.850299   0.262386
      0.41   0.144098   0.861538   0.246901
      0.42   0.134429   0.869249   0.232848
      0.43   0.129216   0.870324   0.225023
      0.44   0.121473   0.878706    0.21344
      0.45   0.117469   0.884507   0.207395
      0.46   0.114259   0.899083   0.202751
      0.47   0.111388   0.918033   0.198671
      0.48   0.110331   0.917808   0.196982
      0.49     0.1095   0.924731   0.195812
       0.5   0.107233   0.934109   0.192382
      0.51   0.102512   0.934959   0.184765
      0.52  0.0988102   0.939914   0.178821
      0.53  0.0948064   0.934884   0.172155
      0.54  0.0898584   0.935961   0.163974
      0.55  0.0868744   0.945946   0.159134
      0.56  0.0823796   0.947059   0.151575
      0.57  0.0787913   0.959184   0.145621
      0.58  0.0717658   0.968992   0.133634
      0.59  0.0648536   0.962963   0.121523
       0.6  0.0594523   0.978261   0.112092
      0.61  0.0485741   0.972973  0.0925289
      0.62  0.0410576          1  0.0788767
      0.63  0.0393579          1   0.075735
      0.64  0.0255713          1  0.0498674
      0.65  0.0222474          1  0.0435265
      0.66  0.0154108          1  0.0303538
      0.67  0.0067611          1  0.0134314
      0.68 0.00328612          1 0.00655071
      0.69 0.00283286          1 0.00564972
       0.7 0.00241737          1 0.00482309
      0.71          0          0          0
      0.72          0          0          0
      0.73          0          0          0
      0.74          0          0          0
      0.75          0          0          0
      0.76          0          0          0
      0.77          0          0          0
      0.78          0          0          0
      0.79          0          0          0
       0.8          0          0          0
      0.81          0          0          0
      0.82          0          0          0
      0.83          0          0          0
      0.84          0          0          0
      0.85          0          0          0
      0.86          0          0          0
      0.87          0          0          0
      0.88          0          0          0
      0.89          0          0          0
       0.9          0          0          0
      0.91          0          0          0
      0.92          0          0          0
      0.93          0          0          0
      0.94          0          0          0
      0.95          0          0          0
      0.96          0          0          0
      0.97          0          0          0
      0.98          0          0          0
      0.99          0          0          0
