         0          1   0.181029   0.306561
      0.01   0.882809   0.168287   0.282686
      0.02   0.882271   0.169628   0.284547
      0.03    0.88087   0.170843   0.286182
      0.04   0.875162   0.175958   0.293004
      0.05   0.872038   0.180448    0.29902
      0.06   0.867622   0.188781   0.310092
      0.07   0.859651   0.194481     0.3172
      0.08   0.850603   0.201698   0.326075
      0.09   0.836277   0.205106   0.329419
       0.1   0.806657   0.208405   0.331233
      0.11   0.785114   0.212358   0.334295
      0.12   0.774558   0.215639   0.337357
      0.13   0.752262   0.221352   0.342055
      0.14    0.73869   0.225799   0.345873
      0.15   0.721241   0.232847    0.35204
      0.16   0.711654    0.23773   0.356403
      0.17    0.68925   0.246765   0.363418
      0.18   0.676863   0.251109   0.366318
      0.19   0.650797   0.261042   0.372622
       0.2    0.63184   0.265249   0.373642
      0.21   0.607389   0.272897   0.376593
      0.22   0.592202    0.27983   0.380069
      0.23   0.579707   0.286754   0.383706
      0.24   0.565812   0.300283   0.392345
      0.25   0.554179   0.310414   0.397933
      0.26   0.537915    0.32687    0.40664
      0.27   0.530267   0.338144   0.412954
      0.28   0.523697   0.350161   0.419698
      0.29   0.514433   0.358562   0.422582
       0.3   0.496338   0.376579   0.428243
      0.31   0.480827   0.388702   0.429884
      0.32   0.468656   0.398828   0.430932
      0.33   0.450345   0.409828   0.429132
      0.34   0.441189   0.422594   0.431691
      0.35   0.428156    0.44289   0.435399
      0.36      0.419   0.454206   0.435893
      0.37   0.409953     0.4759   0.440471
      0.38   0.404136   0.487544   0.441939
      0.39   0.395519   0.509897   0.445484
       0.4   0.390564   0.528175   0.449064
      0.41   0.382486   0.556175   0.453261
      0.42   0.376993   0.585859   0.458772
      0.43   0.368914   0.604526   0.458206
      0.44   0.352434   0.617241    0.44868
      0.45   0.342632   0.626829   0.443075
      0.46   0.326476   0.643525   0.433186
      0.47    0.30461   0.641457   0.413066
      0.48   0.296101    0.66411   0.409584
      0.49   0.285114   0.666667   0.399412
       0.5   0.266911   0.674858   0.382529
      0.51   0.228027   0.691111   0.342912
      0.52   0.218333   0.707547   0.333695
      0.53   0.203899   0.731383   0.318895
      0.54   0.193559   0.742029   0.307029
      0.55   0.179125   0.774648   0.290969
      0.56   0.149828   0.771429   0.250921
      0.57   0.140241    0.82439   0.239705
      0.58   0.128393   0.853107   0.223195
      0.59   0.117837   0.911565   0.208696
       0.6   0.105666   0.908397   0.189311
      0.61  0.0975872   0.913793   0.176342
      0.62  0.0852003   0.927835   0.156069
      0.63  0.0751831     0.9375   0.139203
      0.64  0.0549332   0.933333   0.103759
      0.65  0.0451314   0.941176  0.0861326
      0.66   0.029944   0.926829  0.0580137
      0.67  0.0260664   0.941176  0.0507278
      0.68  0.0196036          1  0.0384534
      0.69  0.0196036          1  0.0384534
       0.7  0.0162645          1  0.0320085
      0.71 0.00937096          1  0.0185679
      0.72 0.00937096          1  0.0185679
      0.73 0.00775528          1  0.0153912
      0.74 0.00344679          1  0.0068699
      0.75          0          0          0
      0.76          0          0          0
      0.77          0          0          0
      0.78          0          0          0
      0.79          0          0          0
       0.8          0          0          0
      0.81          0          0          0
      0.82          0          0          0
      0.83          0          0          0
      0.84          0          0          0
      0.85          0          0          0
      0.86          0          0          0
      0.87          0          0          0
      0.88          0          0          0
      0.89          0          0          0
       0.9          0          0          0
      0.91          0          0          0
      0.92          0          0          0
      0.93          0          0          0
      0.94          0          0          0
      0.95          0          0          0
      0.96          0          0          0
      0.97          0          0          0
      0.98          0          0          0
      0.99          0          0          0
