         0          1   0.235879   0.381719
      0.01   0.913941   0.298978   0.450563
      0.02   0.913941   0.308843   0.461675
      0.03   0.913799   0.318215   0.472047
      0.04   0.913022   0.344061   0.499784
      0.05   0.912315   0.392309   0.548679
      0.06   0.908571   0.421894   0.576221
      0.07   0.907087   0.435412    0.58839
      0.08   0.902706   0.459023   0.608584
      0.09   0.897195   0.476385   0.622331
       0.1   0.882286   0.503914   0.641461
      0.11   0.857557   0.517977    0.64585
      0.12    0.83636   0.525397   0.645374
      0.13    0.80619   0.551761    0.65514
      0.14   0.789656   0.574557   0.665149
      0.15   0.756589   0.599265   0.668799
      0.16    0.72981   0.612417    0.66598
      0.17   0.675899   0.632598   0.653532
      0.18   0.651664   0.651024   0.651344
      0.19   0.622412   0.683206   0.651394
       0.2   0.605808   0.704007   0.651227
      0.21   0.579736   0.729082   0.645888
      0.22   0.553876   0.751977     0.6379
      0.23   0.540521    0.76074   0.631996
      0.24   0.516498   0.785997   0.623367
      0.25   0.498693   0.811966    0.61789
      0.26   0.475306   0.854647   0.610877
      0.27   0.461386   0.871104   0.603254
      0.28   0.440401   0.896615   0.590674
      0.29    0.42846    0.90555   0.581693
       0.3   0.385643   0.925056   0.544352
      0.31   0.367201     0.9319   0.526818
      0.32   0.355048   0.938462   0.515186
      0.33   0.326362   0.943182   0.484928
      0.34   0.298594   0.954758   0.454916
      0.35   0.271815   0.967972   0.424443
      0.36   0.242281    0.97006   0.387724
      0.37   0.230552   0.982684    0.37348
      0.38   0.225465   0.991011   0.367353
      0.39   0.213453          1   0.351811
       0.4   0.202572          1   0.336898
      0.41   0.174875          1   0.297691
      0.42   0.152335          1   0.264394
      0.43    0.14428          1   0.252177
      0.44   0.136932          1    0.24088
      0.45   0.130926          1   0.231538
      0.46   0.117219          1   0.209841
      0.47   0.109588          1   0.197529
      0.48  0.0910761          1   0.166947
      0.49  0.0785699          1   0.145693
       0.5  0.0765915          1   0.142285
      0.51  0.0759556          1   0.141187
      0.52  0.0747545          1    0.13911
      0.53  0.0710097          1   0.132603
      0.54   0.068466          1   0.128158
      0.55  0.0630255          1   0.118578
      0.56   0.061683          1   0.116199
      0.57  0.0547587          1   0.103832
      0.58  0.0517911          1  0.0984818
      0.59  0.0462093          1  0.0883366
       0.6  0.0428884          1  0.0822493
      0.61  0.0328552          1  0.0636202
      0.62  0.0298877          1  0.0580406
      0.63  0.0284039          1  0.0552387
      0.64  0.0241645          1  0.0471887
      0.65  0.0184413          1  0.0362148
      0.66  0.0119409          1  0.0236001
      0.67 0.00558186          1  0.0111017
      0.68 0.00487529          1 0.00970328
      0.69          0          0          0
       0.7          0          0          0
      0.71          0          0          0
      0.72          0          0          0
      0.73          0          0          0
      0.74          0          0          0
      0.75          0          0          0
      0.76          0          0          0
      0.77          0          0          0
      0.78          0          0          0
      0.79          0          0          0
       0.8          0          0          0
      0.81          0          0          0
      0.82          0          0          0
      0.83          0          0          0
      0.84          0          0          0
      0.85          0          0          0
      0.86          0          0          0
      0.87          0          0          0
      0.88          0          0          0
      0.89          0          0          0
       0.9          0          0          0
      0.91          0          0          0
      0.92          0          0          0
      0.93          0          0          0
      0.94          0          0          0
      0.95          0          0          0
      0.96          0          0          0
      0.97          0          0          0
      0.98          0          0          0
      0.99          0          0          0
