         0          1   0.265439    0.41952
      0.01   0.891809   0.240694   0.379077
      0.02   0.891809   0.240855   0.379277
      0.03   0.891809   0.241557   0.380147
      0.04   0.891769   0.244135   0.383328
      0.05    0.89129   0.247689   0.387651
      0.06   0.885259   0.253888   0.394606
      0.07   0.881465   0.260952    0.40269
      0.08   0.873757   0.270639   0.413271
      0.09   0.869643   0.277411    0.42064
       0.1    0.86565   0.290004   0.434458
      0.11   0.857303   0.306073   0.451096
      0.12   0.850913   0.316561   0.461451
      0.13   0.838652   0.330361   0.474003
      0.14   0.831183   0.340302   0.482897
      0.15   0.811654    0.35686   0.495753
      0.16    0.80107   0.368273   0.504578
      0.17   0.785215   0.383428   0.515253
      0.18   0.774472   0.391623     0.5202
      0.19    0.76301   0.404371     0.5286
       0.2   0.746555   0.413668   0.532356
      0.21   0.730101    0.42935   0.540719
      0.22   0.709853   0.445149   0.547169
      0.23   0.703782   0.456686   0.553927
      0.24   0.688446   0.471854   0.559935
      0.25   0.671712    0.48138   0.560837
      0.26   0.651783   0.493195   0.561507
      0.27   0.633412   0.502456   0.560385
      0.28   0.597468    0.51211   0.551506
      0.29   0.578258   0.518295   0.546637
       0.3   0.559168   0.527536   0.542892
      0.31    0.53876   0.532918   0.535823
      0.32   0.524981   0.533032   0.528976
      0.33   0.499461   0.538705   0.518341
      0.34   0.475938   0.542995    0.50726
      0.35   0.445745   0.550425   0.492585
      0.36   0.429131   0.550939   0.482465
      0.37   0.400775   0.556694   0.466039
      0.38    0.37813   0.556857   0.450411
      0.39   0.346699   0.560748   0.428479
       0.4   0.330644     0.5625   0.416478
      0.41   0.300771   0.561205   0.391645
      0.42   0.274771   0.557794   0.368177
      0.43   0.261792   0.555682   0.355908
      0.44   0.229482   0.537772    0.32169
      0.45   0.209553   0.526749   0.299828
      0.46   0.189544   0.528788    0.27906
      0.47   0.174328   0.524046   0.261625
      0.48   0.148768   0.525692   0.231907
      0.49   0.135509   0.545455   0.217086
       0.5   0.116059   0.539894   0.191049
      0.51  0.0992851   0.550459   0.168227
      0.52  0.0881425       0.55   0.151936
      0.53  0.0808738   0.558594   0.141291
      0.54  0.0706498   0.551724    0.12526
      0.55  0.0622629   0.550239   0.111867
      0.56  0.0584289   0.551546   0.105664
      0.57  0.0561125   0.590643   0.102488
      0.58  0.0523583   0.590909  0.0961933
      0.59  0.0428931   0.620155  0.0802366
       0.6  0.0395383   0.616071  0.0743077
      0.61  0.0286753        0.6  0.0547346
      0.62  0.0190503        0.6  0.0369281
      0.63  0.0163745        0.6  0.0318789
      0.64  0.0122609    0.65625   0.024072
      0.65 0.00623028        0.7  0.0123506
      0.66 0.00235632   0.727273 0.00469743
      0.67 0.00199688      0.875 0.00398468
      0.68 0.00143776          1 0.00287139
      0.69 0.00123807          1 0.00247308
       0.7          0          0          0
      0.71          0          0          0
      0.72          0          0          0
      0.73          0          0          0
      0.74          0          0          0
      0.75          0          0          0
      0.76          0          0          0
      0.77          0          0          0
      0.78          0          0          0
      0.79          0          0          0
       0.8          0          0          0
      0.81          0          0          0
      0.82          0          0          0
      0.83          0          0          0
      0.84          0          0          0
      0.85          0          0          0
      0.86          0          0          0
      0.87          0          0          0
      0.88          0          0          0
      0.89          0          0          0
       0.9          0          0          0
      0.91          0          0          0
      0.92          0          0          0
      0.93          0          0          0
      0.94          0          0          0
      0.95          0          0          0
      0.96          0          0          0
      0.97          0          0          0
      0.98          0          0          0
      0.99          0          0          0
