         0          1   0.382258   0.553092
      0.01   0.913132   0.437794   0.591837
      0.02   0.913061   0.440914   0.594666
      0.03   0.912989   0.448981   0.601944
      0.04   0.912488   0.467978   0.618667
      0.05   0.912166    0.48519   0.633445
      0.06   0.911915   0.509106    0.65342
      0.07   0.910519   0.519225   0.661327
      0.08   0.904757   0.526571   0.665701
      0.09   0.902144   0.530162   0.667849
       0.1   0.891657   0.532166   0.666528
      0.11   0.877304   0.533016   0.663136
      0.12   0.869895   0.533678   0.661517
      0.13   0.855829   0.535563   0.658837
      0.14   0.845914   0.535588   0.655897
      0.15   0.824725     0.5389   0.651857
      0.16   0.814059   0.539627   0.649025
      0.17   0.799062   0.541747   0.645714
      0.18   0.789506   0.542942   0.643411
      0.19   0.771395   0.543831   0.637926
       0.2    0.75153   0.544465   0.631456
      0.21   0.731379   0.545317    0.62479
      0.22   0.702674   0.546922   0.615091
      0.23   0.684276   0.548828   0.609113
      0.24   0.666166   0.552943   0.604297
      0.25   0.645728   0.554991   0.596931
      0.26   0.627832   0.559422   0.591656
      0.27   0.621747   0.564625   0.591811
      0.28   0.612298   0.570042   0.590415
      0.29   0.603744   0.575423   0.589243
       0.3   0.588282   0.581318   0.584779
      0.31   0.577759   0.585682   0.581693
      0.32   0.567379   0.591299   0.579092
      0.33   0.550592   0.596473   0.572615
      0.34   0.543792   0.601374   0.571135
      0.35   0.526039   0.610265   0.565031
      0.36   0.517986   0.617529   0.563394
      0.37   0.502917   0.639552   0.563064
      0.38   0.493647   0.648682   0.560644
      0.39   0.478149   0.659708   0.554443
       0.4    0.46938   0.665584   0.550523
      0.41    0.45449   0.683174   0.545848
      0.42   0.427968   0.698251   0.530677
      0.43   0.415477     0.7044   0.522668
      0.44   0.403128   0.720551   0.517006
      0.45   0.392999   0.729833   0.510893
      0.46   0.378074   0.740439   0.500559
      0.47   0.370164   0.747656   0.495169
      0.48   0.357386   0.758445    0.48584
      0.49   0.348688   0.766341   0.479295
       0.5   0.329396   0.781049   0.463372
      0.51   0.312431   0.791787   0.448061
      0.52   0.301156   0.800733   0.437695
      0.53   0.283117   0.807512   0.419245
      0.54   0.265579   0.812046   0.400255
      0.55   0.239951   0.819983   0.371261
      0.56   0.226493   0.827216   0.355618
      0.57   0.204553   0.851282   0.329847
      0.58   0.192025    0.85896   0.313881
      0.59    0.17302   0.855769   0.287843
       0.6   0.161638   0.863275   0.272292
      0.61   0.139661   0.862275   0.240388
      0.62   0.116325    0.88642   0.205661
      0.63   0.109381   0.892473   0.194878
      0.64  0.0942768    0.90301   0.170729
      0.65  0.0874405   0.914397   0.159617
      0.66  0.0734457   0.926702   0.136104
      0.67  0.0617774   0.926174   0.115829
      0.68  0.0535452   0.908257   0.101129
      0.69  0.0431655   0.933333  0.0825147
       0.7  0.0357207   0.932432  0.0688055
      0.71  0.0317835   0.931034  0.0614686
      0.72  0.0288486     0.9375  0.0559747
      0.73  0.0177172   0.933333  0.0347742
      0.74 0.00941336   0.947368  0.0186415
      0.75 0.00196857          1 0.00392941
      0.76 0.00196857          1 0.00392941
      0.77 0.000644261          1 0.00128769
      0.78 0.000608468          1  0.0012162
      0.79          0          0          0
       0.8          0          0          0
      0.81          0          0          0
      0.82          0          0          0
      0.83          0          0          0
      0.84          0          0          0
      0.85          0          0          0
      0.86          0          0          0
      0.87          0          0          0
      0.88          0          0          0
      0.89          0          0          0
       0.9          0          0          0
      0.91          0          0          0
      0.92          0          0          0
      0.93          0          0          0
      0.94          0          0          0
      0.95          0          0          0
      0.96          0          0          0
      0.97          0          0          0
      0.98          0          0          0
      0.99          0          0          0
