         0          1   0.173626   0.295879
      0.01   0.906771   0.215253   0.347917
      0.02   0.906771   0.223265   0.358307
      0.03   0.906189   0.242559   0.382684
      0.04   0.902794   0.288727   0.437526
      0.05   0.898234   0.329474    0.48211
      0.06   0.882518   0.405721   0.555885
      0.07   0.870198   0.464634   0.605804
      0.08   0.847303   0.573439   0.683976
      0.09   0.824699   0.653345   0.729089
       0.1   0.790842   0.733897   0.761306
      0.11   0.761641   0.787013   0.774119
      0.12   0.740396   0.806335    0.77196
      0.13   0.719732   0.831691   0.771672
      0.14   0.711583   0.839793    0.77039
      0.15   0.694509   0.860185    0.76852
      0.16   0.690726   0.863894   0.767665
      0.17   0.686651   0.865514   0.765777
      0.18   0.674913   0.866797   0.758914
      0.19   0.670935      0.875   0.759499
       0.2   0.667637   0.878665   0.758751
      0.21   0.662883   0.887295   0.758846
      0.22   0.659876   0.896875   0.760335
      0.23   0.659682   0.899371   0.761101
      0.24   0.655898   0.908602   0.761841
      0.25   0.655898   0.920131   0.765865
      0.26   0.649107   0.928331   0.764007
      0.27   0.644742   0.941312     0.7653
      0.28   0.642414    0.95053   0.766673
      0.29   0.637854   0.956627   0.765375
       0.3   0.633101   0.965261   0.764667
      0.31   0.627474   0.970513   0.762173
      0.32   0.619519   0.975033   0.757644
      0.33   0.602736    0.98615   0.748182
      0.34   0.595363   0.992888   0.744377
      0.35   0.577319   0.994083   0.730434
      0.36   0.559759   0.993865   0.716164
      0.37   0.548506   0.995261    0.70724
      0.38   0.532984   0.995177   0.694185
      0.39   0.526484   0.996705   0.689014
       0.4   0.516298   0.996633   0.680216
      0.41   0.493694   0.998255   0.660656
      0.42   0.478657   0.998175   0.647039
      0.43   0.472061   0.998131   0.640975
      0.44   0.449651          1   0.620357
      0.45   0.444121          1   0.615075
      0.46   0.432965          1   0.604292
      0.47    0.42598          1   0.597456
      0.48   0.391055          1   0.562243
      0.49   0.376795          1   0.547351
       0.5   0.336923          1   0.504027
      0.51   0.287253          1   0.446303
      0.52   0.256306          1   0.408031
      0.53   0.209546          1   0.346487
      0.54   0.181704          1   0.307528
      0.55   0.136108          1   0.239604
      0.56   0.118646          1   0.212124
      0.57  0.0768335          1   0.142703
      0.58  0.0610206          1   0.115022
      0.59  0.0334692          1  0.0647705
       0.6  0.0205666          1  0.0403042
      0.61          0          0          0
      0.62          0          0          0
      0.63          0          0          0
      0.64          0          0          0
      0.65          0          0          0
      0.66          0          0          0
      0.67          0          0          0
      0.68          0          0          0
      0.69          0          0          0
       0.7          0          0          0
      0.71          0          0          0
      0.72          0          0          0
      0.73          0          0          0
      0.74          0          0          0
      0.75          0          0          0
      0.76          0          0          0
      0.77          0          0          0
      0.78          0          0          0
      0.79          0          0          0
       0.8          0          0          0
      0.81          0          0          0
      0.82          0          0          0
      0.83          0          0          0
      0.84          0          0          0
      0.85          0          0          0
      0.86          0          0          0
      0.87          0          0          0
      0.88          0          0          0
      0.89          0          0          0
       0.9          0          0          0
      0.91          0          0          0
      0.92          0          0          0
      0.93          0          0          0
      0.94          0          0          0
      0.95          0          0          0
      0.96          0          0          0
      0.97          0          0          0
      0.98          0          0          0
      0.99          0          0          0
