         0          1   0.331079    0.49746
      0.01   0.909257   0.312015   0.464601
      0.02   0.909257   0.312015   0.464601
      0.03   0.909257   0.312035   0.464622
      0.04   0.909257   0.312133   0.464732
      0.05   0.909257   0.312228   0.464836
      0.06   0.909215   0.312591   0.465233
      0.07   0.909132    0.31275   0.465398
      0.08   0.908552   0.313178   0.465796
      0.09   0.907598   0.313897   0.466465
       0.1   0.905815   0.314953   0.467393
      0.11   0.903326   0.315475   0.467635
      0.12    0.90117   0.316359   0.468314
      0.13   0.898142   0.317722   0.469393
      0.14   0.896359   0.319956   0.471581
      0.15   0.892958   0.322441   0.473797
      0.16   0.888769   0.324966   0.475919
      0.17   0.885202   0.329931   0.480698
      0.18   0.882755   0.332739   0.483305
      0.19   0.874585    0.33812   0.487694
       0.2   0.868489   0.340932   0.489649
      0.21   0.859655   0.346419   0.493835
      0.22   0.852148   0.352024   0.498228
      0.23   0.846093   0.356048   0.501189
      0.24   0.839582    0.36312   0.506974
      0.25   0.832573   0.368104   0.510501
      0.26   0.823864   0.377096   0.517379
      0.27   0.818306   0.382777   0.521577
      0.28   0.802464   0.391304   0.526078
      0.29   0.791556   0.396316   0.528182
       0.3   0.766921   0.404508   0.529653
      0.31   0.745645     0.4123   0.530992
      0.32   0.737931   0.419904   0.535241
      0.33    0.71396   0.432324   0.538543
      0.34   0.702472   0.440504   0.541467
      0.35   0.676012   0.455411   0.544205
      0.36    0.66357   0.465378   0.547077
      0.37   0.634414    0.48072   0.546976
      0.38   0.616871   0.491928    0.54736
      0.39   0.601858   0.512684   0.553704
       0.4   0.589914   0.527734   0.557094
      0.41   0.552339    0.54174   0.546988
      0.42   0.521151      0.555   0.537543
      0.43   0.493157   0.560273   0.524577
      0.44    0.45861   0.572882   0.509416
      0.45   0.442726   0.586402   0.504535
      0.46   0.416722   0.607774   0.494434
      0.47   0.405732   0.622363   0.491224
      0.48    0.38064   0.645951   0.479012
      0.49    0.36824   0.660759   0.472922
       0.5    0.33614   0.668977    0.44745
      0.51   0.305201   0.683377   0.421954
      0.52   0.289068   0.691367    0.40768
      0.53   0.259373   0.699101   0.378368
      0.54   0.242327   0.697926   0.359747
      0.55   0.217775   0.713383   0.333686
      0.56   0.204089   0.717265   0.317763
      0.57   0.174394   0.714086   0.280327
      0.58   0.159837   0.722571    0.26177
      0.59   0.137691   0.719844   0.231165
       0.6   0.119982   0.714286   0.205453
      0.61   0.100406   0.711538    0.17598
      0.62  0.0804579   0.718978   0.144721
      0.63  0.0680989   0.738938   0.124705
      0.64  0.0532515   0.742515   0.099376
      0.65  0.0397727   0.742647  0.0755019
      0.66  0.0308145   0.754386  0.0592105
      0.67   0.028575   0.767677   0.055099
      0.68  0.0199071   0.857143  0.0389105
      0.69  0.0183311   0.915254  0.0359424
       0.7  0.0128567   0.878049  0.0253423
      0.71  0.0101609   0.863636  0.0200855
      0.72 0.00825315   0.882353  0.0163533
      0.73 0.00539151          1  0.0107252
      0.74 0.00539151          1  0.0107252
      0.75 0.00423026          1 0.00842488
      0.76          0          0          0
      0.77          0          0          0
      0.78          0          0          0
      0.79          0          0          0
       0.8          0          0          0
      0.81          0          0          0
      0.82          0          0          0
      0.83          0          0          0
      0.84          0          0          0
      0.85          0          0          0
      0.86          0          0          0
      0.87          0          0          0
      0.88          0          0          0
      0.89          0          0          0
       0.9          0          0          0
      0.91          0          0          0
      0.92          0          0          0
      0.93          0          0          0
      0.94          0          0          0
      0.95          0          0          0
      0.96          0          0          0
      0.97          0          0          0
      0.98          0          0          0
      0.99          0          0          0
