         0          1   0.339259   0.506637
      0.01   0.960572   0.359739   0.523445
      0.02   0.960379   0.363704   0.527601
      0.03   0.957557   0.377695   0.541717
      0.04    0.95489   0.436518   0.599144
      0.05   0.950445   0.494182   0.650261
      0.06   0.933552   0.602845   0.732606
      0.07    0.92269   0.675786    0.78017
      0.08   0.906262   0.759278   0.826284
      0.09   0.889563   0.793657   0.838878
       0.1   0.866293   0.817732   0.841312
      0.11   0.838616   0.823353   0.830915
      0.12   0.824662    0.82777   0.826213
      0.13   0.804484   0.833608   0.818787
      0.14   0.792385   0.837254   0.814202
      0.15   0.777542   0.842065   0.808518
      0.16   0.766718   0.845833   0.804335
      0.17   0.751759   0.851842   0.798677
      0.18   0.735756   0.858357   0.792342
      0.19   0.715848   0.864857   0.783329
       0.2   0.701005   0.876461   0.778975
      0.21   0.673212   0.894683   0.768306
      0.22   0.646115   0.901284   0.752661
      0.23    0.62961   0.912842   0.745222
      0.24   0.604097   0.929461   0.732264
      0.25   0.587901   0.934942   0.721878
      0.26   0.563007   0.938963   0.703933
      0.27   0.546424   0.938873   0.690802
      0.28   0.509702   0.936516   0.660128
      0.29    0.48879   0.935412   0.642072
       0.3   0.443371    0.93211    0.60091
      0.31   0.404136   0.930249   0.563476
      0.32   0.362118   0.924404   0.520385
      0.33   0.284615   0.912432   0.433888
      0.34   0.243023   0.900126   0.382717
      0.35   0.194588   0.883614    0.31894
      0.36    0.16695    0.87415   0.280356
      0.37    0.13533   0.860041   0.233862
      0.38   0.117163   0.854839    0.20608
      0.39  0.0863935   0.838068    0.15664
       0.4  0.0730576   0.829114   0.134283
      0.41  0.0667955   0.821818   0.123549
      0.42  0.0532277   0.822511   0.099985
      0.43  0.0460379   0.830846  0.0872416
      0.44  0.0339003   0.834395  0.0651534
      0.45  0.0317356   0.919118  0.0613528
      0.46  0.0298802   0.958678   0.057954
      0.47  0.0291457   0.956522  0.0565678
      0.48  0.0255122   0.969388  0.0497159
      0.49  0.0204097   0.961039  0.0399706
       0.5  0.0146888   0.967213  0.0289382
      0.51  0.0137611   0.963636  0.0271347
      0.52  0.0128334       0.98   0.025335
      0.53 0.00950908   0.974359  0.0188344
      0.54 0.00541167   0.964286  0.0107629
      0.55 0.00467723   0.952381 0.00930875
      0.56 0.00421337   0.944444 0.00838932
      0.57 0.00328566          1  0.0065498
      0.58 0.00320835          1 0.00639618
      0.59 0.00224198          1 0.00447393
       0.6 0.00208736          1 0.00416602
      0.61 0.00177812          1 0.00354993
      0.62 0.00177812          1 0.00354993
      0.63 0.00154619          1 0.00308761
      0.64 0.00100503          1 0.00200803
      0.65 0.00100503          1 0.00200803
      0.66 0.000927716          1 0.00185371
      0.67 0.000773096          1   0.001545
      0.68 0.000773096          1   0.001545
      0.69          0          0          0
       0.7          0          0          0
      0.71          0          0          0
      0.72          0          0          0
      0.73          0          0          0
      0.74          0          0          0
      0.75          0          0          0
      0.76          0          0          0
      0.77          0          0          0
      0.78          0          0          0
      0.79          0          0          0
       0.8          0          0          0
      0.81          0          0          0
      0.82          0          0          0
      0.83          0          0          0
      0.84          0          0          0
      0.85          0          0          0
      0.86          0          0          0
      0.87          0          0          0
      0.88          0          0          0
      0.89          0          0          0
       0.9          0          0          0
      0.91          0          0          0
      0.92          0          0          0
      0.93          0          0          0
      0.94          0          0          0
      0.95          0          0          0
      0.96          0          0          0
      0.97          0          0          0
      0.98          0          0          0
      0.99          0          0          0
