         0          1   0.393948   0.565226
      0.01   0.913802   0.394478   0.551067
      0.02   0.913802   0.394478   0.551067
      0.03   0.913802   0.394568   0.551155
      0.04   0.913519   0.394458   0.550995
      0.05   0.913519   0.395075   0.551597
      0.06   0.912387   0.396427   0.552706
      0.07   0.911396   0.398356   0.554395
      0.08   0.910371   0.404157   0.559795
      0.09   0.909027   0.410022   0.565136
       0.1   0.904075   0.417799   0.571494
      0.11   0.895055   0.424117   0.575525
      0.12   0.885894   0.429881   0.578866
      0.13   0.866688   0.439427   0.583174
      0.14   0.846031   0.446314   0.584357
      0.15   0.817346   0.459059   0.587916
      0.16   0.789155   0.469081   0.588408
      0.17   0.747701   0.484226   0.587788
      0.18   0.716398   0.495837   0.586052
      0.19   0.669602   0.508096   0.577775
       0.2   0.640386   0.519135   0.573421
      0.21    0.59352   0.531235   0.560653
      0.22   0.537953   0.540503   0.539225
      0.23    0.49908   0.558519   0.527129
      0.24   0.444185   0.574678   0.501075
      0.25   0.408744   0.593955   0.484244
      0.26   0.357032    0.61863    0.45276
      0.27   0.323465   0.630476   0.427567
      0.28   0.282117   0.647854   0.393067
      0.29    0.25382   0.664207   0.367286
       0.3   0.215797   0.669725   0.326416
      0.31   0.182654   0.669553   0.287012
      0.32   0.160901   0.675042   0.259862
      0.33   0.135894   0.662651   0.225536
      0.34   0.123974   0.676606   0.209552
      0.35   0.111559   0.694678   0.192245
      0.36   0.102575   0.694534    0.17875
      0.37  0.0851726   0.679389   0.151369
      0.38  0.0697156   0.668182   0.126258
      0.39  0.0573713    0.69186   0.105956
       0.4  0.0518888   0.722973  0.0968281
      0.41  0.0402165   0.738318   0.076278
      0.42  0.0300297   0.759036  0.0577737
      0.43  0.0290393   0.776316  0.0559845
      0.44   0.023946   0.793103  0.0464883
      0.45  0.0209748   0.808511  0.0408889
      0.46  0.0096562   0.793103  0.0190801
      0.47 0.00845359   0.857143  0.0167421
      0.48 0.00353707          1  0.0070492
      0.49 0.00307725          1 0.00613562
       0.5 0.00215761          1 0.00430593
      0.51          0          0          0
      0.52          0          0          0
      0.53          0          0          0
      0.54          0          0          0
      0.55          0          0          0
      0.56          0          0          0
      0.57          0          0          0
      0.58          0          0          0
      0.59          0          0          0
       0.6          0          0          0
      0.61          0          0          0
      0.62          0          0          0
      0.63          0          0          0
      0.64          0          0          0
      0.65          0          0          0
      0.66          0          0          0
      0.67          0          0          0
      0.68          0          0          0
      0.69          0          0          0
       0.7          0          0          0
      0.71          0          0          0
      0.72          0          0          0
      0.73          0          0          0
      0.74          0          0          0
      0.75          0          0          0
      0.76          0          0          0
      0.77          0          0          0
      0.78          0          0          0
      0.79          0          0          0
       0.8          0          0          0
      0.81          0          0          0
      0.82          0          0          0
      0.83          0          0          0
      0.84          0          0          0
      0.85          0          0          0
      0.86          0          0          0
      0.87          0          0          0
      0.88          0          0          0
      0.89          0          0          0
       0.9          0          0          0
      0.91          0          0          0
      0.92          0          0          0
      0.93          0          0          0
      0.94          0          0          0
      0.95          0          0          0
      0.96          0          0          0
      0.97          0          0          0
      0.98          0          0          0
      0.99          0          0          0
