         0          1   0.171113   0.292223
      0.01   0.953991    0.14486   0.251527
      0.02   0.953991   0.144888   0.251568
      0.03   0.953991   0.145106   0.251897
      0.04   0.953991   0.145966   0.253192
      0.05   0.953991   0.147008   0.254759
      0.06   0.953991   0.150114   0.259409
      0.07   0.952943   0.152387   0.262757
      0.08   0.952181   0.157378   0.270111
      0.09   0.946847   0.161801   0.276375
       0.1   0.937798   0.170336   0.288306
      0.11   0.924271   0.179916   0.301202
      0.12   0.909983   0.188004   0.311625
      0.13   0.897409   0.204495   0.333088
      0.14   0.883883   0.217741   0.349407
      0.15    0.86788    0.24315   0.379873
      0.16   0.857973   0.262789   0.402343
      0.17   0.848543   0.300241   0.443543
      0.18   0.837017   0.327255    0.47054
      0.19    0.81968   0.374545   0.514152
       0.2   0.809392   0.406643   0.541323
      0.21   0.792913   0.457509   0.580228
      0.22   0.781958   0.505824   0.614286
      0.23   0.770337   0.539862   0.634828
      0.24   0.750429   0.581944   0.655533
      0.25   0.735569   0.606179   0.664635
      0.26   0.714612   0.645612   0.678362
      0.27   0.689465   0.666153   0.677608
      0.28   0.665651   0.687327   0.676315
      0.29   0.643361   0.702959    0.67184
       0.3   0.610211   0.716026   0.658897
      0.31    0.56687   0.732867   0.639268
      0.32   0.533721   0.736881   0.619059
      0.33   0.489427   0.743156   0.590176
      0.34   0.452086       0.75   0.564127
      0.35   0.409792   0.760577   0.532616
      0.36   0.380168   0.769072   0.508817
      0.37   0.344447   0.777526   0.477402
      0.38   0.324062   0.782082   0.458246
      0.39   0.300438   0.802469   0.437194
       0.4   0.286436   0.813885   0.423741
      0.41   0.272338   0.845763   0.412008
      0.42   0.249571   0.866667   0.387543
      0.43   0.227281   0.877729   0.361067
      0.44   0.208706    0.92629   0.340658
      0.45   0.204039   0.939314   0.335254
      0.46   0.195466   0.963855   0.325019
      0.47   0.178796   0.982578    0.30254
      0.48   0.159078   0.995918   0.274336
      0.49   0.134216   0.995327   0.236536
       0.5   0.125548          1   0.223087
      0.51   0.114974          1   0.206237
      0.52   0.106401          1   0.192337
      0.53   0.100019          1    0.18185
      0.54  0.0978282          1   0.178221
      0.55  0.0953515          1   0.174102
      0.56  0.0913507          1   0.167409
      0.57  0.0902077          1   0.165487
      0.58  0.0886836          1   0.162919
      0.59  0.0853496          1   0.157276
       0.6  0.0848733          1   0.156467
      0.61  0.0815393          1   0.150784
      0.62  0.0720137          1   0.134352
      0.63  0.0643932          1   0.120995
      0.64   0.056868          1   0.107616
      0.65  0.0461993          1  0.0883183
      0.66   0.030482          1  0.0591607
      0.67  0.0281006          1  0.0546651
      0.68  0.0223852          1  0.0437902
      0.69  0.0208611          1  0.0408696
       0.7  0.0159078          1  0.0313174
      0.71  0.0128596          1  0.0253926
      0.72  0.0102877          1  0.0203658
      0.73 0.00904934          1  0.0179364
      0.74 0.00819204          1  0.0162509
      0.75 0.00742999          1  0.0147504
      0.76 0.00666794          1  0.0132475
      0.77 0.00476281          1 0.00948047
      0.78          0          0          0
      0.79          0          0          0
       0.8          0          0          0
      0.81          0          0          0
      0.82          0          0          0
      0.83          0          0          0
      0.84          0          0          0
      0.85          0          0          0
      0.86          0          0          0
      0.87          0          0          0
      0.88          0          0          0
      0.89          0          0          0
       0.9          0          0          0
      0.91          0          0          0
      0.92          0          0          0
      0.93          0          0          0
      0.94          0          0          0
      0.95          0          0          0
      0.96          0          0          0
      0.97          0          0          0
      0.98          0          0          0
      0.99          0          0          0
