         0          1   0.216663    0.35616
      0.01   0.953895   0.220609   0.358343
      0.02   0.953895    0.28498   0.438852
      0.03   0.953895   0.422797   0.585902
      0.04   0.953804   0.492947   0.649973
      0.05   0.953804    0.50969   0.664362
      0.06   0.953804   0.543691    0.69259
      0.07   0.953804   0.580733   0.721919
      0.08   0.953397   0.648649   0.772037
      0.09    0.95154   0.684182   0.796011
       0.1   0.950317   0.733256   0.827794
      0.11   0.948053   0.773469   0.851908
      0.12   0.942935   0.788328   0.858728
      0.13    0.94144   0.796855   0.863135
      0.14   0.940444   0.800712   0.864971
      0.15     0.9375   0.805574   0.866544
      0.16   0.937183   0.812355   0.870316
      0.17   0.935371   0.820331   0.874082
      0.18    0.93279   0.822109   0.873959
      0.19   0.931839   0.826147   0.875816
       0.2    0.93125   0.830432   0.877956
      0.21   0.925498   0.839101   0.880185
      0.22   0.924094   0.850474   0.885757
      0.23   0.916078   0.855137   0.884559
      0.24   0.913813   0.864548   0.888498
      0.25    0.91173   0.872357   0.891609
      0.26   0.907654    0.88559   0.896486
      0.27   0.904212   0.891479     0.8978
      0.28   0.900951   0.902228   0.901589
      0.29   0.896286      0.912   0.904075
       0.3   0.887726   0.932107   0.909376
      0.31   0.879484   0.950387   0.913562
      0.32   0.872011   0.958993   0.913436
      0.33   0.859149   0.966427   0.909636
      0.34   0.847101   0.972946   0.905673
      0.35   0.832382    0.98275   0.901338
      0.36   0.823324   0.989102   0.898632
      0.37   0.806567   0.991471   0.889512
      0.38   0.802355    0.99458   0.888186
      0.39   0.781341   0.997216   0.876177
       0.4   0.760824   0.997156   0.863105
      0.41   0.739764   0.998231   0.849779
      0.42   0.715444    0.99818   0.833487
      0.43   0.707111   0.998765   0.828005
      0.44    0.67971   0.998733   0.808903
      0.45   0.667663   0.999354    0.80051
      0.46    0.65317   0.999339   0.789997
      0.47   0.646241   0.999328   0.784904
      0.48   0.628034          1   0.771525
      0.49   0.618569          1    0.76434
       0.5   0.597373          1   0.747944
      0.51   0.574955          1   0.730122
      0.52   0.560598          1    0.71844
      0.53   0.517165          1   0.681752
      0.54   0.496014          1   0.663115
      0.55   0.465761          1   0.635521
      0.56   0.429303          1   0.600716
      0.57   0.400226          1    0.57166
      0.58   0.374909          1   0.545359
      0.59   0.330616          1   0.496937
       0.6   0.307337          1   0.470173
      0.61   0.272917          1   0.428805
      0.62   0.226585          1   0.369457
      0.63    0.18904          1   0.317971
      0.64   0.134284          1   0.236774
      0.65   0.109873          1   0.197992
      0.66  0.0878623          1   0.161532
      0.67  0.0788043          1   0.146096
      0.68  0.0535779          1   0.101707
      0.69  0.0429801          1  0.0824178
       0.7  0.0288949          1  0.0561669
      0.71  0.0254076          1  0.0495561
      0.72  0.0178442          1  0.0350627
      0.73   0.013904          1  0.0274266
      0.74 0.00344203          1 0.00686044
      0.75          0          0          0
      0.76          0          0          0
      0.77          0          0          0
      0.78          0          0          0
      0.79          0          0          0
       0.8          0          0          0
      0.81          0          0          0
      0.82          0          0          0
      0.83          0          0          0
      0.84          0          0          0
      0.85          0          0          0
      0.86          0          0          0
      0.87          0          0          0
      0.88          0          0          0
      0.89          0          0          0
       0.9          0          0          0
      0.91          0          0          0
      0.92          0          0          0
      0.93          0          0          0
      0.94          0          0          0
      0.95          0          0          0
      0.96          0          0          0
      0.97          0          0          0
      0.98          0          0          0
      0.99          0          0          0
