         0          1   0.214804   0.353644
      0.01    0.87848    0.21455   0.344873
      0.02   0.876465   0.250955   0.390188
      0.03   0.875569   0.351559   0.501682
      0.04   0.874673    0.49824   0.634851
      0.05   0.871091   0.539114   0.666027
      0.06   0.867508   0.584496   0.698421
      0.07   0.863328   0.604173   0.710867
      0.08   0.852056    0.63659    0.72873
      0.09    0.83138   0.651753   0.730689
       0.1   0.807345   0.690136   0.744153
      0.11   0.787042   0.721088   0.752623
      0.12   0.771516   0.733111   0.751823
      0.13   0.746884   0.750112   0.748494
      0.14   0.730611   0.759517   0.744784
      0.15   0.713219   0.771596    0.74126
      0.16   0.703964   0.776606   0.738503
      0.17   0.687243   0.779874   0.730635
      0.18   0.670001   0.779956   0.720809
      0.19   0.648279   0.785839   0.710462
       0.2   0.630216   0.785239   0.699238
      0.21   0.609838    0.78328   0.685762
      0.22   0.592147   0.790132   0.676961
      0.23   0.575875   0.790346   0.666277
      0.24   0.553407   0.798273   0.653661
      0.25   0.539673   0.799016   0.644223
      0.26   0.505262   0.815622   0.623981
      0.27   0.490707    0.82838   0.616323
      0.28   0.479361   0.843137   0.611218
      0.29    0.46279   0.845985    0.59829
       0.3   0.425021   0.855407   0.567881
      0.31   0.391431   0.857909   0.537583
      0.32   0.361947   0.856515   0.508859
      0.33   0.331791   0.857143   0.478399
      0.34   0.314996   0.864548   0.461753
      0.35   0.300291   0.876364   0.447309
      0.36   0.293349   0.881453   0.440199
      0.37   0.279092    0.88501   0.424361
      0.38   0.266776   0.884532    0.40992
      0.39   0.251549    0.88756   0.391999
       0.4   0.244607   0.887218   0.383486
      0.41   0.234455   0.880759    0.37033
      0.42   0.227961   0.895349   0.363399
      0.43   0.215944   0.888199   0.347421
      0.44   0.201239   0.894915   0.328589
      0.45   0.196014    0.90106   0.321984
      0.46   0.184817   0.910156   0.307245
      0.47   0.177577   0.912134   0.297279
      0.48   0.162424   0.916279   0.275935
      0.49   0.153169       0.91   0.262204
       0.5   0.123311   0.915152   0.217337
      0.51   0.109353   0.916084   0.195383
      0.52   0.105247   0.916667   0.188816
      0.53  0.0893484   0.961538   0.163504
      0.54  0.0785997    0.97619   0.145485
      0.55  0.0544152          1   0.103214
      0.56  0.0515787          1  0.0980977
      0.57  0.0432186          1  0.0828563
      0.58  0.0385161          1  0.0741752
      0.59  0.0376204          1  0.0725128
       0.6  0.0365754          1  0.0705696
      0.61  0.0314249          1   0.060935
      0.62  0.0307532          1  0.0596712
      0.63   0.030156          1  0.0585465
      0.64  0.0295589          1  0.0574204
      0.65  0.0242592          1  0.0473692
      0.66  0.0212734          1  0.0416606
      0.67  0.0201538          1  0.0395112
      0.68  0.0186609          1  0.0366381
      0.69  0.0170187          1  0.0334679
       0.7  0.0116444          1  0.0230207
      0.71  0.0116444          1  0.0230207
      0.72  0.0100022          1  0.0198064
      0.73 0.00858401          1  0.0170219
      0.74 0.00813615          1   0.016141
      0.75  0.0070165          1  0.0139352
      0.76 0.00529969          1  0.0105435
      0.77          0          0          0
      0.78          0          0          0
      0.79          0          0          0
       0.8          0          0          0
      0.81          0          0          0
      0.82          0          0          0
      0.83          0          0          0
      0.84          0          0          0
      0.85          0          0          0
      0.86          0          0          0
      0.87          0          0          0
      0.88          0          0          0
      0.89          0          0          0
       0.9          0          0          0
      0.91          0          0          0
      0.92          0          0          0
      0.93          0          0          0
      0.94          0          0          0
      0.95          0          0          0
      0.96          0          0          0
      0.97          0          0          0
      0.98          0          0          0
      0.99          0          0          0
