         0          1   0.406617   0.578148
      0.01   0.918701   0.439892   0.594924
      0.02   0.918701   0.449039   0.603232
      0.03   0.918701    0.48112   0.631517
      0.04   0.917909   0.516062    0.66068
      0.05   0.914817   0.527198   0.668911
      0.06   0.909466   0.543329    0.68026
      0.07   0.901617    0.55856    0.68979
      0.08   0.876843   0.577482   0.696352
      0.09   0.851237   0.585336   0.693678
       0.1   0.802164   0.601709   0.687625
      0.11   0.758324    0.61752   0.680717
      0.12   0.728001   0.620128   0.669749
      0.13   0.689551   0.624506   0.655419
      0.14   0.658237   0.627466   0.642483
      0.15   0.627993   0.631689   0.629835
      0.16   0.611027   0.638672   0.624544
      0.17   0.573093   0.643741   0.606366
      0.18    0.54495   0.645966   0.591174
      0.19   0.512367   0.657502   0.575932
       0.2   0.493222   0.663033   0.565658
      0.21   0.460044   0.674556   0.547022
      0.22   0.426352   0.682813   0.524933
      0.23    0.40566   0.688186   0.510437
      0.24   0.373791   0.702677   0.487993
      0.25   0.356865   0.709249    0.47482
      0.26   0.319803   0.713775   0.441704
      0.27   0.286864   0.715447   0.409525
      0.28   0.245124   0.717886   0.365461
      0.29   0.230379   0.728752   0.350086
       0.3   0.209925   0.737342   0.326807
      0.31   0.186539   0.746479   0.298488
      0.32   0.168147   0.768769   0.275939
      0.33   0.149199   0.824197   0.252661
      0.34   0.134533   0.832609   0.231638
      0.35   0.114555   0.858667   0.202143
      0.36   0.104963   0.882716   0.187616
      0.37  0.0789202   0.869231   0.144702
      0.38  0.0711907   0.871245   0.131626
      0.39  0.0610829   0.864322   0.114102
       0.4   0.056802   0.882716   0.106736
      0.41  0.0449104   0.898305  0.0855441
      0.42  0.0335738   0.961538  0.0648821
      0.43  0.0267163   0.945455  0.0519643
      0.44  0.0225147   0.944444  0.0439809
      0.45  0.0167671          1  0.0329812
      0.46  0.0107817          1  0.0213333
      0.47 0.00899794          1  0.0178354
      0.48 0.00860155          1  0.0170564
      0.49 0.00860155          1  0.0170564
       0.5  0.0074124          1  0.0147157
      0.51 0.00590614          1  0.0117429
      0.52 0.00590614          1  0.0117429
      0.53 0.00340891          1 0.00679466
      0.54 0.00293325          1 0.00584934
      0.55 0.00241795          1 0.00482423
      0.56 0.00241795          1 0.00482423
      0.57          0          0          0
      0.58          0          0          0
      0.59          0          0          0
       0.6          0          0          0
      0.61          0          0          0
      0.62          0          0          0
      0.63          0          0          0
      0.64          0          0          0
      0.65          0          0          0
      0.66          0          0          0
      0.67          0          0          0
      0.68          0          0          0
      0.69          0          0          0
       0.7          0          0          0
      0.71          0          0          0
      0.72          0          0          0
      0.73          0          0          0
      0.74          0          0          0
      0.75          0          0          0
      0.76          0          0          0
      0.77          0          0          0
      0.78          0          0          0
      0.79          0          0          0
       0.8          0          0          0
      0.81          0          0          0
      0.82          0          0          0
      0.83          0          0          0
      0.84          0          0          0
      0.85          0          0          0
      0.86          0          0          0
      0.87          0          0          0
      0.88          0          0          0
      0.89          0          0          0
       0.9          0          0          0
      0.91          0          0          0
      0.92          0          0          0
      0.93          0          0          0
      0.94          0          0          0
      0.95          0          0          0
      0.96          0          0          0
      0.97          0          0          0
      0.98          0          0          0
      0.99          0          0          0
