         0          1   0.364376   0.534128
      0.01   0.929448   0.349005    0.50746
      0.02   0.929448   0.349005    0.50746
      0.03   0.929448   0.349217   0.507684
      0.04   0.929448   0.350274   0.508801
      0.05   0.929189   0.350871   0.509391
      0.06   0.926496    0.35386   0.512123
      0.07   0.923854   0.355955   0.513905
      0.08   0.922196   0.362679   0.520613
      0.09   0.918726    0.36798   0.525485
       0.1   0.907589   0.375541   0.531259
      0.11   0.892411    0.38553   0.538446
      0.12   0.880135   0.394168   0.544488
      0.13   0.866615   0.406786   0.553678
      0.14   0.855271   0.416683   0.560361
      0.15   0.833204     0.4293   0.566643
      0.16   0.810515   0.437171   0.567985
      0.17   0.789226    0.45378    0.57624
      0.18   0.773323   0.463914    0.57993
      0.19   0.741052   0.480823   0.583227
       0.2   0.724165   0.491747   0.585743
      0.21   0.690961   0.506169   0.584302
      0.22   0.663092   0.520961   0.583496
      0.23   0.641803   0.531558   0.581501
      0.24   0.609842    0.54633   0.576342
      0.25   0.588552   0.558391   0.573075
      0.26   0.552551   0.578105   0.565039
      0.27   0.529656   0.589608   0.558026
      0.28   0.481896   0.609479    0.53823
      0.29   0.458171   0.623069   0.528046
       0.3    0.42015   0.647354   0.509574
      0.31   0.393888   0.672353   0.496758
      0.32   0.380368   0.686553   0.489526
      0.33     0.3597   0.704485   0.476239
      0.34   0.331728   0.710466   0.452279
      0.35   0.303393   0.726528    0.42804
      0.36   0.288733   0.742045   0.415711
      0.37   0.268221   0.761295   0.396682
      0.38   0.255115   0.772358   0.383543
      0.39    0.23828   0.794619   0.366622
       0.4   0.230821   0.809662   0.359231
      0.41   0.218182   0.818664    0.34454
      0.42   0.202176   0.827175   0.324932
      0.43   0.188967   0.841969   0.308659
      0.44   0.179435   0.858369   0.296822
      0.45   0.168816   0.863914   0.282441
      0.46   0.161357   0.870861   0.272267
      0.47    0.15193   0.880143   0.259129
      0.48   0.139083   0.885542   0.240408
      0.49   0.129138   0.881696    0.22528
       0.5   0.108936   0.874674   0.193742
      0.51  0.0954157   0.879056   0.172146
      0.52  0.0912199   0.888535   0.165454
      0.53  0.0815851   0.893773   0.149522
      0.54  0.0767159   0.890244   0.141259
      0.55  0.0674437   0.917073   0.125647
      0.56  0.0595183   0.907514    0.11171
      0.57  0.0544419   0.918919   0.102794
      0.58  0.0513339   0.916667  0.0972232
      0.59  0.0464128   0.970874  0.0885906
       0.6  0.0397824    0.97619  0.0764494
      0.61   0.036001   0.971014   0.069428
      0.62  0.0289044   0.962264   0.056123
      0.63  0.0196322          1  0.0385084
      0.64   0.017094          1  0.0336134
      0.65  0.0164724          1  0.0324109
      0.66   0.015281          1   0.030102
      0.67   0.011396          1  0.0225352
      0.68 0.00828801          1  0.0164398
      0.69 0.00621601          1  0.0123552
       0.7  0.0049728          1  0.0098964
      0.71   0.004662          1 0.00928074
      0.72  0.0040922          1 0.00815105
      0.73          0          0          0
      0.74          0          0          0
      0.75          0          0          0
      0.76          0          0          0
      0.77          0          0          0
      0.78          0          0          0
      0.79          0          0          0
       0.8          0          0          0
      0.81          0          0          0
      0.82          0          0          0
      0.83          0          0          0
      0.84          0          0          0
      0.85          0          0          0
      0.86          0          0          0
      0.87          0          0          0
      0.88          0          0          0
      0.89          0          0          0
       0.9          0          0          0
      0.91          0          0          0
      0.92          0          0          0
      0.93          0          0          0
      0.94          0          0          0
      0.95          0          0          0
      0.96          0          0          0
      0.97          0          0          0
      0.98          0          0          0
      0.99          0          0          0
