         0          1   0.361785    0.53134
      0.01   0.909638   0.330481   0.484821
      0.02   0.909638   0.333036   0.487565
      0.03   0.909638    0.33378   0.488362
      0.04   0.909638   0.334603   0.489242
      0.05   0.909638   0.335581   0.490287
      0.06   0.909264   0.339227   0.494112
      0.07   0.907985   0.342306   0.497178
      0.08   0.906613   0.349215   0.504214
      0.09   0.902277    0.35579    0.51034
       0.1   0.894947   0.368949   0.522495
      0.11   0.885777    0.38725     0.5389
      0.12    0.88063   0.400984   0.551053
      0.13   0.868621   0.422791   0.568749
      0.14   0.858391   0.440696   0.582392
      0.15    0.82907   0.469016   0.599109
      0.16   0.810449   0.486291   0.607853
      0.17   0.765752   0.510915   0.612899
      0.18   0.744386   0.528634   0.618227
      0.19   0.713818   0.557741   0.626201
       0.2   0.680193   0.579151   0.625619
      0.21   0.643138   0.615347   0.628935
      0.22   0.610979   0.652333   0.630979
      0.23   0.597785   0.680628   0.636523
      0.24   0.556706    0.72074   0.628191
      0.25   0.530412   0.742969    0.61895
      0.26   0.494916    0.77951   0.605436
      0.27   0.476918   0.806343   0.599348
      0.28   0.449969   0.837588   0.585432
      0.29   0.428104   0.856462   0.570861
       0.3   0.403805   0.871795   0.551953
      0.31    0.38194   0.884368   0.533481
      0.32   0.369869   0.895252   0.523469
      0.33   0.356207    0.90798   0.511679
      0.34   0.339644   0.914655   0.495348
      0.35    0.32252   0.933396   0.479394
      0.36   0.307673   0.939243   0.463511
      0.37   0.289177   0.950873   0.443483
      0.38   0.278197   0.959584   0.431342
      0.39   0.266563   0.966501   0.417875
       0.4   0.251185      0.972   0.399207
      0.41   0.235901   0.972384    0.37969
      0.42   0.214941   0.981132   0.352629
      0.43   0.209732   0.986949   0.345948
      0.44   0.197817   0.996534   0.330106
      0.45   0.194947          1   0.326286
      0.46   0.189395          1   0.318473
      0.47   0.187523          1   0.315823
      0.48   0.179102          1   0.303793
      0.49   0.177823          1   0.301952
       0.5   0.174423          1   0.297036
      0.51   0.166719          1   0.285791
      0.52    0.16441          1   0.282393
      0.53   0.156176          1   0.270159
      0.54   0.148877          1    0.25917
      0.55   0.143107          1   0.250382
      0.56   0.142171          1   0.248949
      0.57    0.13665          1   0.240443
      0.58   0.132813          1   0.234484
      0.59   0.128509          1    0.22775
       0.6   0.125016          1   0.222247
      0.61   0.121117          1   0.216064
      0.62   0.117935          1   0.210987
      0.63   0.113943          1   0.204575
      0.64   0.105271          1    0.19049
      0.65   0.103993          1   0.188394
      0.66   0.100905          1   0.183312
      0.67  0.0940112          1   0.171865
      0.68  0.0827823          1   0.152907
      0.69  0.0766999          1   0.142472
       0.7  0.0707735          1   0.132191
      0.71  0.0650967          1   0.122236
      0.72  0.0553649          1   0.104921
      0.73  0.0456644          1  0.0873404
      0.74  0.0366188          1  0.0706505
      0.75  0.0289145          1   0.056204
      0.76  0.0235184          1   0.045956
      0.77  0.0144417          1  0.0284722
      0.78  0.0121647          1   0.024037
      0.79          0          0          0
       0.8          0          0          0
      0.81          0          0          0
      0.82          0          0          0
      0.83          0          0          0
      0.84          0          0          0
      0.85          0          0          0
      0.86          0          0          0
      0.87          0          0          0
      0.88          0          0          0
      0.89          0          0          0
       0.9          0          0          0
      0.91          0          0          0
      0.92          0          0          0
      0.93          0          0          0
      0.94          0          0          0
      0.95          0          0          0
      0.96          0          0          0
      0.97          0          0          0
      0.98          0          0          0
      0.99          0          0          0
