         0          1   0.242084   0.389803
      0.01   0.928994   0.199631   0.328641
      0.02   0.928994   0.199631   0.328641
      0.03   0.928994   0.199631   0.328641
      0.04   0.928994   0.199881    0.32898
      0.05   0.928994   0.200874   0.330323
      0.06   0.928875   0.205064   0.335959
      0.07   0.928635   0.210277   0.342908
      0.08   0.927081   0.223726   0.360464
      0.09   0.925587   0.234205    0.37382
       0.1   0.924452   0.254687   0.399352
      0.11   0.919909   0.280985   0.430481
      0.12   0.916383   0.300846    0.45298
      0.13   0.902994   0.333454   0.487052
      0.14   0.888291   0.357628    0.50995
      0.15   0.869643   0.396679   0.544836
      0.16   0.861216   0.428185   0.571986
      0.17   0.843464   0.467177   0.601304
      0.18   0.831929   0.491094   0.617608
      0.19   0.805989   0.521627   0.633354
       0.2   0.786564   0.542929   0.642423
      0.21   0.763134   0.578107   0.657858
      0.22   0.720758   0.612736   0.662371
      0.23   0.700496   0.633286   0.665198
      0.24    0.65794    0.66653   0.662207
      0.25    0.62692   0.687982   0.656033
      0.26    0.58544   0.707789   0.640827
      0.27   0.560457   0.721562   0.630887
      0.28   0.529496   0.742308   0.618097
      0.29   0.504811   0.761236   0.607056
       0.3   0.464407   0.783697   0.583212
      0.31   0.428187    0.80463   0.558935
      0.32   0.405176   0.814186   0.541084
      0.33   0.371406   0.823529   0.511934
      0.34   0.347738   0.827086   0.489621
      0.35   0.311518   0.830853   0.453137
      0.36   0.289881   0.835312   0.430399
      0.37   0.249776   0.842832   0.385352
      0.38   0.236627   0.854244   0.370597
      0.39   0.220848   0.870445   0.352308
       0.4   0.208834   0.878465   0.337448
      0.41   0.201423   0.887892   0.328356
      0.42   0.189947   0.891304   0.313157
      0.43   0.176379   0.887139   0.294255
      0.44   0.159763   0.887006   0.270759
      0.45   0.154504   0.887574   0.263192
      0.46   0.145837   0.892857   0.250722
      0.47   0.131134   0.891228   0.228628
      0.48   0.117566   0.920635   0.208506
      0.49   0.111769    0.92735   0.199493
       0.5    0.10095   0.923445   0.182004
      0.51  0.0787759   0.974684    0.14577
      0.52  0.0690335          1   0.129151
      0.53  0.0579762          1   0.109598
      0.54  0.0412408          1  0.0792147
      0.55  0.0312593          1  0.0606236
      0.56  0.0261192          1  0.0509087
      0.57  0.0226526          1  0.0443016
      0.58  0.0140458          1  0.0277025
      0.59   0.013209          1  0.0260736
       0.6  0.0123125          1  0.0243254
      0.61  0.0109378          1  0.0216389
      0.62 0.00974239          1  0.0192968
      0.63 0.00645508          1  0.0128274
      0.64 0.00639531          1  0.0127093
      0.65 0.00627578          1  0.0124733
      0.66 0.00609647          1  0.0121191
      0.67 0.00573785          1  0.0114102
      0.68 0.00519993          1  0.0103461
      0.69 0.00519993          1  0.0103461
       0.7 0.00484131          1 0.00963597
      0.71  0.0044827          1 0.00892538
      0.72 0.00430339          1  0.0085699
      0.73 0.00358616          1 0.00714669
      0.74 0.00304823          1 0.00607794
      0.75          0          0          0
      0.76          0          0          0
      0.77          0          0          0
      0.78          0          0          0
      0.79          0          0          0
       0.8          0          0          0
      0.81          0          0          0
      0.82          0          0          0
      0.83          0          0          0
      0.84          0          0          0
      0.85          0          0          0
      0.86          0          0          0
      0.87          0          0          0
      0.88          0          0          0
      0.89          0          0          0
       0.9          0          0          0
      0.91          0          0          0
      0.92          0          0          0
      0.93          0          0          0
      0.94          0          0          0
      0.95          0          0          0
      0.96          0          0          0
      0.97          0          0          0
      0.98          0          0          0
      0.99          0          0          0
