         0          1   0.319512   0.484288
      0.01   0.954278   0.300064   0.456565
      0.02   0.954278   0.300064   0.456565
      0.03   0.954137   0.300077   0.456564
      0.04   0.954137   0.300422   0.456963
      0.05   0.952863   0.301206   0.457723
      0.06   0.951377   0.303298   0.459961
      0.07   0.947838   0.304738   0.461197
      0.08   0.939203   0.305032   0.460503
      0.09   0.929436   0.304871   0.459137
       0.1   0.916625    0.30497   0.457669
      0.11   0.896525   0.304444   0.454536
      0.12   0.882299   0.304656   0.452919
      0.13   0.855121   0.304551   0.449141
      0.14   0.828367   0.304812   0.445643
      0.15   0.786751   0.303132   0.437642
      0.16   0.753061   0.299619    0.42868
      0.17   0.688088   0.295765   0.413704
      0.18   0.648383   0.294928   0.405436
      0.19   0.593673   0.291722    0.39121
       0.2   0.558851   0.292969   0.384414
      0.21   0.500389   0.294466   0.370753
      0.22   0.438531   0.301156   0.357086
      0.23   0.409725   0.306807   0.350874
      0.24   0.344256   0.309317   0.325853
      0.25   0.306108   0.309919   0.308002
      0.26   0.256706   0.311301    0.28138
      0.27   0.226626   0.310924   0.262165
      0.28    0.19322   0.319149   0.240709
      0.29   0.171987   0.319211   0.223535
       0.3   0.144809   0.322306   0.199834
      0.31   0.119754   0.322097   0.174594
      0.32   0.103971   0.321375   0.157112
      0.33  0.0801897   0.308316   0.127276
      0.34  0.0650435   0.293814   0.106509
      0.35  0.0494727    0.30566  0.0851616
      0.36   0.035459     0.3125   0.063691
      0.37   0.021516   0.292517  0.0400837
      0.38  0.0145092   0.290909  0.0276398
      0.39   0.010758   0.296296  0.0207622
       0.4 0.00905938   0.257576  0.0175031
      0.41 0.00488357       0.26 0.00958707
      0.42 0.00403426   0.236842 0.00793338
      0.43 0.00290183   0.214286 0.00572612
      0.44 0.00233562   0.263158 0.00463015
      0.45 0.00212329       0.25 0.00421082
      0.46 0.00184019       0.25 0.00365348
      0.47 0.00184019   0.272727 0.00365571
      0.48 0.00162786   0.285714 0.00323727
      0.49          0          0          0
       0.5          0          0          0
      0.51          0          0          0
      0.52          0          0          0
      0.53          0          0          0
      0.54          0          0          0
      0.55          0          0          0
      0.56          0          0          0
      0.57          0          0          0
      0.58          0          0          0
      0.59          0          0          0
       0.6          0          0          0
      0.61          0          0          0
      0.62          0          0          0
      0.63          0          0          0
      0.64          0          0          0
      0.65          0          0          0
      0.66          0          0          0
      0.67          0          0          0
      0.68          0          0          0
      0.69          0          0          0
       0.7          0          0          0
      0.71          0          0          0
      0.72          0          0          0
      0.73          0          0          0
      0.74          0          0          0
      0.75          0          0          0
      0.76          0          0          0
      0.77          0          0          0
      0.78          0          0          0
      0.79          0          0          0
       0.8          0          0          0
      0.81          0          0          0
      0.82          0          0          0
      0.83          0          0          0
      0.84          0          0          0
      0.85          0          0          0
      0.86          0          0          0
      0.87          0          0          0
      0.88          0          0          0
      0.89          0          0          0
       0.9          0          0          0
      0.91          0          0          0
      0.92          0          0          0
      0.93          0          0          0
      0.94          0          0          0
      0.95          0          0          0
      0.96          0          0          0
      0.97          0          0          0
      0.98          0          0          0
      0.99          0          0          0
