         0          1   0.289124   0.448559
      0.01   0.914517   0.304923   0.457353
      0.02   0.912529   0.306383   0.458742
      0.03   0.912529   0.309966   0.462747
      0.04   0.912093   0.322624   0.476649
      0.05    0.91185   0.331999   0.486769
      0.06    0.91025    0.34696   0.502415
      0.07   0.908747   0.361893   0.517644
      0.08   0.905304   0.389016    0.54419
      0.09   0.902492   0.408867   0.562773
       0.1    0.89648   0.441995   0.592077
      0.11   0.892067   0.480088   0.624231
      0.12   0.888625   0.509474   0.647638
      0.13   0.886249   0.545005   0.674947
      0.14    0.88431   0.565266   0.689678
      0.15   0.879121   0.595684   0.710166
      0.16   0.875727   0.617972    0.72461
      0.17   0.863654   0.651827   0.742936
      0.18   0.857157    0.67475   0.755094
      0.19   0.848962   0.708341   0.772303
       0.2    0.84232   0.727037   0.780444
      0.21   0.829228   0.747435    0.78621
      0.22   0.815215   0.760779   0.787057
      0.23   0.808427   0.772562   0.790088
      0.24   0.795433   0.784538   0.789948
      0.25   0.786268   0.790187   0.788223
      0.26   0.762025   0.803488   0.782207
      0.27    0.74617   0.809191   0.776404
      0.28   0.730702   0.815819   0.770918
      0.29   0.722944   0.824082   0.770207
       0.3   0.710725   0.834511    0.76766
      0.31   0.695694   0.849922   0.765114
      0.32   0.680421   0.857652   0.758825
      0.33   0.656808   0.863292   0.746026
      0.34   0.635813   0.864518   0.732734
      0.35   0.586647   0.867523   0.699959
      0.36   0.552221   0.867723    0.67492
      0.37    0.52148   0.874766   0.653428
      0.38    0.50354   0.883538   0.641487
      0.39   0.481332   0.890511   0.624899
       0.4   0.466447   0.897075    0.61376
      0.41   0.451804   0.911884   0.604233
      0.42   0.432651   0.917275   0.587973
      0.43   0.416263   0.920868   0.573351
      0.44   0.401038   0.925976    0.55968
      0.45    0.38077   0.931034   0.540492
      0.46   0.359145   0.934866   0.518933
      0.47   0.344259   0.938362   0.503718
      0.48   0.304694   0.942342   0.460493
      0.49   0.273759    0.94297   0.424328
       0.5   0.238315   0.942668   0.380449
      0.51   0.206652   0.961832    0.34021
      0.52   0.176687   0.975434   0.299182
      0.53    0.14168   0.981132   0.247604
      0.54   0.126939    0.97963   0.224755
      0.55   0.103423   0.980044   0.187102
      0.56  0.0945985   0.977099   0.172497
      0.57   0.083398   0.973214   0.153631
      0.58  0.0812161   0.974359   0.149935
      0.59  0.0745733   0.977011    0.13857
       0.6    0.06827   0.970588   0.127567
      0.61  0.0568755   0.969697   0.107449
      0.62  0.0529965          1   0.100658
      0.63  0.0520268          1  0.0989077
      0.64  0.0472265          1  0.0901935
      0.65  0.0467417          1  0.0893089
      0.66  0.0453355          1  0.0867387
      0.67  0.0437839          1  0.0838946
      0.68  0.0410687          1  0.0788971
      0.69  0.0387413          1  0.0745927
       0.7  0.0343774          1  0.0664698
      0.71  0.0289469          1   0.056265
      0.72  0.0234193          1  0.0457668
      0.73   0.011346          1  0.0224374
      0.74  0.0101338          1  0.0200643
      0.75  0.0087277          1  0.0173044
      0.76 0.00751552          1  0.0149189
      0.77 0.00223041          1  0.0044509
      0.78 0.00203646          1 0.00406465
      0.79          0          0          0
       0.8          0          0          0
      0.81          0          0          0
      0.82          0          0          0
      0.83          0          0          0
      0.84          0          0          0
      0.85          0          0          0
      0.86          0          0          0
      0.87          0          0          0
      0.88          0          0          0
      0.89          0          0          0
       0.9          0          0          0
      0.91          0          0          0
      0.92          0          0          0
      0.93          0          0          0
      0.94          0          0          0
      0.95          0          0          0
      0.96          0          0          0
      0.97          0          0          0
      0.98          0          0          0
      0.99          0          0          0
