         0          1   0.108911   0.196429
      0.01   0.943804   0.116607   0.207569
      0.02   0.943804   0.116639   0.207619
      0.03   0.943804   0.116717   0.207744
      0.04   0.943804   0.117184   0.208483
      0.05   0.943804   0.118013   0.209793
      0.06   0.943804   0.120432   0.213608
      0.07   0.943804   0.122478   0.216819
      0.08   0.943804   0.127017   0.223901
      0.09   0.943804   0.130863   0.229856
       0.1   0.930928   0.136723   0.238428
      0.11   0.925697   0.144364   0.249775
      0.12    0.92382   0.149679   0.257618
      0.13     0.9147   0.158263   0.269839
      0.14   0.905043    0.16224   0.275155
      0.15   0.870172   0.165793   0.278521
      0.16   0.834227   0.167661   0.279207
      0.17   0.787285   0.170735   0.280614
      0.18   0.771057   0.174105   0.284068
      0.19    0.70507   0.176353   0.282137
       0.2   0.666041   0.180773   0.284366
      0.21   0.613734   0.190081   0.290264
      0.22   0.565048   0.200435   0.295906
      0.23   0.543857   0.206822    0.29968
      0.24   0.499598   0.216354   0.301947
      0.25   0.462178   0.221904   0.299845
      0.26   0.410005    0.23157   0.295974
      0.27   0.370038   0.245311   0.295034
      0.28   0.295735   0.261585   0.277614
      0.29   0.280445   0.276224   0.278319
       0.3    0.23699    0.29458   0.262666
      0.31   0.195011   0.303769   0.237533
      0.32   0.167248   0.314694   0.218416
      0.33    0.14324   0.330592   0.199877
      0.34   0.124732   0.326996   0.180581
      0.35   0.105687   0.334129   0.160581
      0.36  0.0920064   0.330579   0.143949
      0.37  0.0630365   0.322581   0.105464
      0.38  0.0561964   0.338983  0.0964099
      0.39  0.0510998   0.359375  0.0894768
       0.4  0.0458691   0.372671  0.0816843
      0.41  0.0367489   0.362319  0.0667297
      0.42  0.0319206   0.398148  0.0591028
      0.43  0.0246781   0.430108   0.046678
      0.44  0.0232028   0.542857  0.0445034
      0.45  0.0225322        0.6  0.0434333
      0.46  0.0218616   0.795455  0.0425537
      0.47  0.0207886   0.891892  0.0406302
      0.48  0.0202521   0.941176  0.0396511
      0.49  0.0197157   0.939394  0.0386208
       0.5  0.0186427          1   0.036603
      0.51   0.017838          1  0.0350507
      0.52   0.016765          1  0.0329772
      0.53  0.0152897          1  0.0301189
      0.54 0.00764485          1  0.0151737
      0.55          0          0          0
      0.56          0          0          0
      0.57          0          0          0
      0.58          0          0          0
      0.59          0          0          0
       0.6          0          0          0
      0.61          0          0          0
      0.62          0          0          0
      0.63          0          0          0
      0.64          0          0          0
      0.65          0          0          0
      0.66          0          0          0
      0.67          0          0          0
      0.68          0          0          0
      0.69          0          0          0
       0.7          0          0          0
      0.71          0          0          0
      0.72          0          0          0
      0.73          0          0          0
      0.74          0          0          0
      0.75          0          0          0
      0.76          0          0          0
      0.77          0          0          0
      0.78          0          0          0
      0.79          0          0          0
       0.8          0          0          0
      0.81          0          0          0
      0.82          0          0          0
      0.83          0          0          0
      0.84          0          0          0
      0.85          0          0          0
      0.86          0          0          0
      0.87          0          0          0
      0.88          0          0          0
      0.89          0          0          0
       0.9          0          0          0
      0.91          0          0          0
      0.92          0          0          0
      0.93          0          0          0
      0.94          0          0          0
      0.95          0          0          0
      0.96          0          0          0
      0.97          0          0          0
      0.98          0          0          0
      0.99          0          0          0
