         0          1   0.354609   0.523559
      0.01   0.900302   0.350953   0.505034
      0.02   0.900302      0.351   0.505083
      0.03   0.900302   0.351212   0.505303
      0.04   0.900302   0.351566   0.505669
      0.05   0.900302   0.352636   0.506775
      0.06   0.900302   0.355216   0.509434
      0.07   0.900302    0.35824   0.512536
      0.08   0.900101   0.364691   0.519072
      0.09    0.89998    0.36991   0.524315
       0.1   0.899819   0.379192   0.533544
      0.11   0.899497   0.391074   0.545138
      0.12    0.89837   0.400436   0.553955
      0.13   0.894224    0.41363   0.565626
      0.14   0.889475   0.425401   0.575543
      0.15   0.882471   0.443382   0.590219
      0.16   0.879292   0.457421   0.601785
      0.17   0.874462   0.476792    0.61711
      0.18   0.869994    0.49003   0.626935
      0.19    0.85647   0.506641   0.636666
       0.2     0.8516   0.517704   0.643943
      0.21     0.8355   0.533125    0.65091
      0.22   0.822419   0.552873   0.661232
      0.23   0.814329   0.564621   0.666865
      0.24   0.799195   0.582435   0.673812
      0.25   0.789857   0.595348   0.678946
      0.26   0.776333   0.616465   0.687224
      0.27   0.766834    0.63126   0.692474
      0.28   0.756088   0.652932   0.700734
      0.29   0.744536   0.665106   0.702583
       0.3    0.72417   0.685867   0.704498
      0.31   0.701791   0.702921   0.702356
      0.32   0.688831   0.712929   0.700673
      0.33   0.665969   0.732627    0.69771
      0.34   0.649748   0.742556   0.693059
      0.35   0.633085   0.761858   0.691528
      0.36   0.621292    0.77106   0.688121
      0.37   0.601288   0.793359   0.684097
      0.38   0.586798   0.804651   0.678671
      0.39   0.560877    0.82144   0.666601
       0.4   0.543127   0.831902   0.657192
      0.41    0.52421   0.847994   0.647902
      0.42   0.499658   0.861678   0.632532
      0.43   0.481827    0.86811   0.619702
      0.44   0.457235   0.874681    0.60054
      0.45   0.436748   0.878038   0.583336
      0.46   0.406802   0.881126   0.556621
      0.47   0.390783   0.884438    0.54206
      0.48   0.364097   0.892202   0.517151
      0.49   0.345341   0.898632   0.498941
       0.5   0.304568   0.901091   0.455259
      0.51   0.259529   0.893798   0.402256
      0.52   0.234051   0.893396   0.370927
      0.53   0.191346   0.892562   0.315135
      0.54   0.167599   0.887075   0.281932
      0.55   0.141477   0.879195   0.243734
      0.56   0.126021   0.886905   0.220685
      0.57  0.0984504   0.891008   0.177309
      0.58  0.0830751   0.910072   0.152252
      0.59  0.0643188   0.920455   0.120236
       0.6  0.0545381   0.969697   0.103268
      0.61   0.048702          1  0.0928804
      0.62   0.043711          1  0.0837607
      0.63  0.0395653          1  0.0761189
      0.64  0.0274502          1  0.0534336
      0.65  0.0247535          1  0.0483111
      0.66  0.0194808          1  0.0382171
      0.67  0.0165023          1  0.0324688
      0.68  0.0126384          1  0.0249612
      0.69  0.0113504          1   0.022446
       0.7  0.0107064          1  0.0211859
      0.71 0.00627893          1  0.0124795
      0.72 0.00354196          1 0.00705892
      0.73          0          0          0
      0.74          0          0          0
      0.75          0          0          0
      0.76          0          0          0
      0.77          0          0          0
      0.78          0          0          0
      0.79          0          0          0
       0.8          0          0          0
      0.81          0          0          0
      0.82          0          0          0
      0.83          0          0          0
      0.84          0          0          0
      0.85          0          0          0
      0.86          0          0          0
      0.87          0          0          0
      0.88          0          0          0
      0.89          0          0          0
       0.9          0          0          0
      0.91          0          0          0
      0.92          0          0          0
      0.93          0          0          0
      0.94          0          0          0
      0.95          0          0          0
      0.96          0          0          0
      0.97          0          0          0
      0.98          0          0          0
      0.99          0          0          0
