         0          1   0.308236   0.471224
      0.01   0.926006   0.298603   0.451586
      0.02   0.926006   0.303658   0.457343
      0.03   0.926006   0.330312   0.486932
      0.04   0.926006   0.353675   0.511854
      0.05   0.925855   0.358945   0.517327
      0.06   0.925755   0.368309   0.526966
      0.07   0.925101   0.376446   0.535133
      0.08   0.923642   0.388271   0.546719
      0.09   0.920976   0.397895   0.555705
       0.1   0.917958    0.40987   0.566705
      0.11   0.913984   0.422273   0.577659
      0.12   0.912525   0.427019   0.581788
      0.13     0.9084   0.436644   0.589791
      0.14    0.90503   0.441407   0.593398
      0.15   0.899296   0.449527   0.599423
      0.16   0.891499   0.456112   0.603473
      0.17   0.885513   0.467363   0.611816
      0.18   0.874497   0.473973   0.614753
      0.19   0.854376   0.481884   0.616213
       0.2   0.839487   0.490175   0.618947
      0.21   0.814386   0.500289   0.619816
      0.22   0.790996   0.510423   0.620465
      0.23   0.771076   0.517632   0.619432
      0.24   0.749648   0.530285   0.621169
      0.25   0.721328   0.545409   0.621153
      0.26   0.687827   0.564081   0.619838
      0.27   0.662827   0.577494   0.617225
      0.28   0.638883   0.592629   0.614887
      0.29   0.619869   0.602506   0.611064
       0.3   0.594869   0.616743   0.605609
      0.31   0.561318   0.637024    0.59678
      0.32   0.546831   0.647571   0.592953
      0.33   0.500201   0.651437   0.565889
      0.34   0.476459   0.665557   0.555352
      0.35   0.437877   0.692308   0.536453
      0.36    0.42002   0.704762   0.526349
      0.37   0.397787    0.73354   0.515841
      0.38   0.374547   0.742616   0.497948
      0.39   0.335211   0.761468   0.465501
       0.4   0.306187   0.765933   0.437486
      0.41    0.27661   0.766252   0.406483
      0.42   0.238129   0.767797   0.363515
      0.43   0.214789   0.761719   0.335089
      0.44   0.172485   0.764851    0.28149
      0.45   0.149195   0.772222   0.250075
      0.46   0.132294   0.770227   0.225804
      0.47   0.117656   0.755474   0.203603
      0.48  0.0940141   0.756637   0.167247
      0.49  0.0897887   0.758294   0.160565
       0.5  0.0839034   0.773481   0.151385
      0.51   0.068008   0.806667   0.125441
      0.52  0.0622736   0.819549   0.115752
      0.53  0.0580483   0.813559   0.108365
      0.54  0.0530684   0.801887  0.0995487
      0.55  0.0402414   0.831325  0.0767669
      0.56  0.0382797   0.828947    0.07318
      0.57  0.0300805   0.830508  0.0580581
      0.58  0.0279678   0.826923  0.0541057
      0.59      0.025   0.810811  0.0485044
       0.6  0.0214789   0.791667   0.041823
      0.61  0.0123742   0.769231  0.0243567
      0.62  0.0054326          1  0.0108065
      0.63 0.00221328          1 0.00441678
      0.64          0          0          0
      0.65          0          0          0
      0.66          0          0          0
      0.67          0          0          0
      0.68          0          0          0
      0.69          0          0          0
       0.7          0          0          0
      0.71          0          0          0
      0.72          0          0          0
      0.73          0          0          0
      0.74          0          0          0
      0.75          0          0          0
      0.76          0          0          0
      0.77          0          0          0
      0.78          0          0          0
      0.79          0          0          0
       0.8          0          0          0
      0.81          0          0          0
      0.82          0          0          0
      0.83          0          0          0
      0.84          0          0          0
      0.85          0          0          0
      0.86          0          0          0
      0.87          0          0          0
      0.88          0          0          0
      0.89          0          0          0
       0.9          0          0          0
      0.91          0          0          0
      0.92          0          0          0
      0.93          0          0          0
      0.94          0          0          0
      0.95          0          0          0
      0.96          0          0          0
      0.97          0          0          0
      0.98          0          0          0
      0.99          0          0          0
