         0          1   0.363236   0.532903
      0.01   0.956988   0.354739    0.51761
      0.02   0.956988   0.354839   0.517715
      0.03   0.956988   0.355324   0.518232
      0.04    0.95561   0.359384   0.522331
      0.05    0.95462   0.364539   0.527603
      0.06   0.951218   0.376059    0.53902
      0.07   0.948118   0.386278   0.548919
      0.08   0.937656    0.40585   0.566499
      0.09   0.929605   0.421925   0.580415
       0.1   0.901748   0.451306   0.601549
      0.11   0.852536    0.48097   0.614987
      0.12   0.812581   0.504147    0.62224
      0.13   0.748687   0.539002   0.626772
      0.14   0.695083   0.564029   0.622736
      0.15   0.617756   0.596797   0.607095
      0.16   0.561181    0.61876   0.588566
      0.17   0.488246   0.654771   0.559378
      0.18   0.442607   0.688175   0.538727
      0.19   0.386722   0.733308    0.50639
       0.2    0.35245   0.765404   0.482651
      0.21     0.3013   0.810303   0.439266
      0.22   0.272109   0.854214    0.41274
      0.23    0.25902   0.887251    0.40098
      0.24   0.240765   0.911585   0.380922
      0.25   0.230216   0.929054   0.368996
      0.26   0.213984   0.944724   0.348934
      0.27    0.20843   0.952632   0.342027
      0.28   0.202489   0.969014   0.334979
      0.29   0.200551   0.981268   0.333036
       0.3   0.200121   0.986804   0.332759
      0.31    0.19715   0.990909   0.328868
      0.32    0.19715   0.990895   0.328868
      0.33    0.19715   0.993884   0.329032
      0.34   0.197107   0.996909   0.329137
      0.35   0.195212    0.99687    0.32649
      0.36   0.192069   0.996825    0.32208
      0.37   0.189529   0.996764   0.318497
      0.38   0.187979   0.998369   0.316387
      0.39   0.186128          1   0.313841
       0.4   0.183329          1   0.309853
      0.41   0.175149          1   0.298087
      0.42   0.161156          1   0.277578
      0.43   0.134418          1   0.236982
      0.44   0.100835          1   0.183198
      0.45  0.0914492          1   0.167574
      0.46   0.074873          1   0.139315
      0.47  0.0488676          1  0.0931817
      0.48  0.0298373          1  0.0579456
      0.49  0.0216998          1  0.0424779
       0.5  0.0133902          1  0.0264265
      0.51  0.0105055          1  0.0207925
      0.52  0.0095152          1   0.018851
      0.53 0.00714716          1  0.0141929
      0.54 0.00598467          1  0.0118981
      0.55          0          0          0
      0.56          0          0          0
      0.57          0          0          0
      0.58          0          0          0
      0.59          0          0          0
       0.6          0          0          0
      0.61          0          0          0
      0.62          0          0          0
      0.63          0          0          0
      0.64          0          0          0
      0.65          0          0          0
      0.66          0          0          0
      0.67          0          0          0
      0.68          0          0          0
      0.69          0          0          0
       0.7          0          0          0
      0.71          0          0          0
      0.72          0          0          0
      0.73          0          0          0
      0.74          0          0          0
      0.75          0          0          0
      0.76          0          0          0
      0.77          0          0          0
      0.78          0          0          0
      0.79          0          0          0
       0.8          0          0          0
      0.81          0          0          0
      0.82          0          0          0
      0.83          0          0          0
      0.84          0          0          0
      0.85          0          0          0
      0.86          0          0          0
      0.87          0          0          0
      0.88          0          0          0
      0.89          0          0          0
       0.9          0          0          0
      0.91          0          0          0
      0.92          0          0          0
      0.93          0          0          0
      0.94          0          0          0
      0.95          0          0          0
      0.96          0          0          0
      0.97          0          0          0
      0.98          0          0          0
      0.99          0          0          0
