         0          1    0.28722   0.446264
      0.01   0.910001   0.295171   0.445755
      0.02   0.910001   0.295478   0.446105
      0.03   0.910001   0.296343   0.447091
      0.04   0.909592   0.300966   0.452281
      0.05   0.907448   0.305793   0.457439
      0.06    0.90413   0.315794   0.468093
      0.07   0.899076   0.325294   0.477738
      0.08   0.889887   0.335796   0.487599
      0.09   0.876972   0.342526   0.492638
       0.1   0.856961   0.353232   0.500261
      0.11   0.836643   0.363246   0.506559
      0.12   0.819644   0.367155    0.50714
      0.13   0.799632   0.374747   0.510329
      0.14    0.78539      0.381   0.513093
      0.15   0.771096   0.386417   0.514836
      0.16   0.764409   0.391263   0.517595
      0.17   0.745929   0.396638   0.517893
      0.18   0.732911   0.400918    0.51831
      0.19   0.716882   0.406609   0.518902
       0.2   0.707387   0.408734   0.518104
      0.21   0.685589   0.411836   0.514569
      0.22   0.669304   0.417619   0.514322
      0.23   0.654959   0.418381   0.510598
      0.24    0.63648   0.420296   0.506275
      0.25   0.619021   0.419484   0.500083
      0.26   0.597172   0.419841   0.493046
      0.27   0.580581   0.422757   0.489256
      0.28   0.562816   0.423729   0.483468
      0.29   0.550666   0.425211   0.479875
       0.3    0.52407   0.422454   0.467807
      0.31   0.499464   0.420041   0.456323
      0.32   0.482669   0.413686   0.445523
      0.33   0.441166   0.396575   0.417684
      0.34   0.410588   0.386397   0.398125
      0.35   0.380315   0.381306    0.38081
      0.36   0.366941   0.380679   0.373684
      0.37   0.346521   0.374944   0.360173
      0.38    0.32942   0.371897   0.349372
      0.39   0.305069   0.364194    0.33202
       0.4   0.289091   0.361784   0.321378
      0.41   0.266119   0.357317   0.305048
      0.42   0.245444   0.361264   0.292299
      0.43   0.223952   0.362891   0.276974
      0.44     0.2044   0.366972   0.262558
      0.45   0.180612   0.360834   0.240729
      0.46   0.166267   0.365974   0.228653
      0.47   0.160447   0.367756   0.223419
      0.48   0.141508    0.38966   0.207618
      0.49   0.127469   0.408895   0.194352
       0.5   0.111185   0.446996   0.178076
      0.51   0.100465   0.542169   0.169517
      0.52  0.0907142   0.588757   0.157206
      0.53  0.0796876   0.691304   0.142903
      0.54  0.0760631   0.743455   0.138007
      0.55  0.0588596   0.817391   0.109812
      0.56  0.0527847   0.835165  0.0992938
      0.57  0.0356322   0.808511  0.0682563
      0.58   0.031191   0.935484  0.0603691
      0.59  0.0158763          1  0.0312563
       0.6 0.00617694          1   0.012278
      0.61 0.00500281          1 0.00995581
      0.62 0.00311399          1 0.00620865
      0.63          0          0          0
      0.64          0          0          0
      0.65          0          0          0
      0.66          0          0          0
      0.67          0          0          0
      0.68          0          0          0
      0.69          0          0          0
       0.7          0          0          0
      0.71          0          0          0
      0.72          0          0          0
      0.73          0          0          0
      0.74          0          0          0
      0.75          0          0          0
      0.76          0          0          0
      0.77          0          0          0
      0.78          0          0          0
      0.79          0          0          0
       0.8          0          0          0
      0.81          0          0          0
      0.82          0          0          0
      0.83          0          0          0
      0.84          0          0          0
      0.85          0          0          0
      0.86          0          0          0
      0.87          0          0          0
      0.88          0          0          0
      0.89          0          0          0
       0.9          0          0          0
      0.91          0          0          0
      0.92          0          0          0
      0.93          0          0          0
      0.94          0          0          0
      0.95          0          0          0
      0.96          0          0          0
      0.97          0          0          0
      0.98          0          0          0
      0.99          0          0          0
