    119082       0.27   0.737863   0.748705   0.743244
     58060       0.21     0.6074    0.49725   0.546833
     42049       0.31   0.879484   0.950387   0.913562
     24077       0.09   0.902144   0.530162   0.667849
     78004   0.231414   0.806589   0.774256   0.790092
     45096       0.11   0.787042   0.721088   0.752623
     38092       0.28   0.725625   0.737001   0.731269
     43074    0.18697   0.654748   0.801151   0.720589
     16077       0.26   0.651783   0.493195   0.561507
     86000   0.244848   0.735917   0.537618   0.621329
    101085       0.31   0.663656   0.814561   0.731406
     89072       0.19   0.716882   0.406609   0.518902
    126007       0.18   0.833541   0.598433   0.696686
     76053       0.15   0.688875   0.613301   0.648895
     86016       0.13   0.748687   0.539002   0.626772
    103070        0.2   0.656626   0.542764    0.59429
      8023       0.24   0.499598   0.216354   0.301947
     41033       0.24   0.661431   0.575838   0.615674
    109053       0.14   0.791694   0.326564   0.462396
    130026       0.42   0.376993   0.585859   0.458772
    108082       0.22   0.557928   0.193949   0.287838
     69040          0          1   0.319512   0.484288
     14037       0.15   0.756589   0.599265   0.668799
     54082       0.08   0.876843   0.577482   0.696352
     62096       0.54   0.666637   0.943218   0.781168
     12084        0.2   0.804897   0.288772    0.42505
     69015   0.196061   0.773717   0.792457   0.782975
     97033       0.29   0.824708   0.599846    0.69453
     19021       0.21   0.770828   0.692597   0.729621
     86068       0.23   0.603696   0.530149   0.564537
      3096       0.11   0.761641   0.787013   0.774119
     41069   0.260101   0.714358    0.64582   0.678362
     21077       0.23   0.778178   0.628092   0.695126
    108070          0          1   0.230724    0.37494
    123074   0.265253   0.535347   0.390452   0.451561
     38082   0.161919   0.781199   0.471988   0.588446
     33039        0.4   0.589914   0.527734   0.557094
    108005       0.21   0.673592   0.443084   0.534547
    106024       0.27   0.550755   0.844946   0.666845
    102061    0.21798   0.698876   0.337475    0.45516
     37073        0.1   0.866293   0.817732   0.841312
     65033       0.23   0.597785   0.680628   0.636523
     55073        0.2   0.724165   0.491747   0.585743
     66053       0.19    0.69764    0.59826   0.644139
     85048        0.3    0.72417   0.685867   0.704498
     42012       0.08   0.843776    0.42369   0.564117
     87046       0.25   0.726467   0.499076   0.591677
    105025    0.29697   0.616259   0.555718   0.584425
    101087        0.2   0.834912   0.758873   0.795079
     69020       0.23   0.700496   0.633286   0.665198
