         0          1   0.282356    0.44037
      0.01   0.945552   0.278537   0.430314
      0.02   0.945158    0.28181   0.434168
      0.03   0.942511   0.291133   0.444854
      0.04   0.924381   0.319454   0.474817
      0.05   0.894032   0.344131   0.496969
      0.06   0.831982   0.380543   0.522224
      0.07   0.780462   0.399391   0.528387
      0.08   0.714977   0.425251   0.533305
      0.09   0.659459   0.442517   0.529634
       0.1   0.551351   0.465495   0.504798
      0.11   0.467849   0.492958   0.480075
      0.12    0.40884   0.508112   0.453102
      0.13    0.33125   0.533302   0.408666
      0.14   0.288626   0.544362   0.377237
      0.15   0.238739   0.565282     0.3357
      0.16   0.215146   0.567944   0.312074
      0.17   0.179279   0.566508   0.272365
      0.18   0.147635   0.571429   0.234647
      0.19   0.114077   0.596567   0.191529
       0.2   0.102421      0.625      0.176
      0.21  0.0790541   0.682482   0.141695
      0.22  0.0685248   0.737864   0.125403
      0.23  0.0617117   0.745342   0.113986
      0.24  0.0508446    0.87156  0.0960839
      0.25  0.0456081   0.951807  0.0870452
      0.26  0.0336712          1  0.0651487
      0.27  0.0225788          1  0.0441606
      0.28  0.0153153          1  0.0301686
      0.29 0.00990991          1  0.0196253
       0.3          0          0          0
      0.31          0          0          0
      0.32          0          0          0
      0.33          0          0          0
      0.34          0          0          0
      0.35          0          0          0
      0.36          0          0          0
      0.37          0          0          0
      0.38          0          0          0
      0.39          0          0          0
       0.4          0          0          0
      0.41          0          0          0
      0.42          0          0          0
      0.43          0          0          0
      0.44          0          0          0
      0.45          0          0          0
      0.46          0          0          0
      0.47          0          0          0
      0.48          0          0          0
      0.49          0          0          0
       0.5          0          0          0
      0.51          0          0          0
      0.52          0          0          0
      0.53          0          0          0
      0.54          0          0          0
      0.55          0          0          0
      0.56          0          0          0
      0.57          0          0          0
      0.58          0          0          0
      0.59          0          0          0
       0.6          0          0          0
      0.61          0          0          0
      0.62          0          0          0
      0.63          0          0          0
      0.64          0          0          0
      0.65          0          0          0
      0.66          0          0          0
      0.67          0          0          0
      0.68          0          0          0
      0.69          0          0          0
       0.7          0          0          0
      0.71          0          0          0
      0.72          0          0          0
      0.73          0          0          0
      0.74          0          0          0
      0.75          0          0          0
      0.76          0          0          0
      0.77          0          0          0
      0.78          0          0          0
      0.79          0          0          0
       0.8          0          0          0
      0.81          0          0          0
      0.82          0          0          0
      0.83          0          0          0
      0.84          0          0          0
      0.85          0          0          0
      0.86          0          0          0
      0.87          0          0          0
      0.88          0          0          0
      0.89          0          0          0
       0.9          0          0          0
      0.91          0          0          0
      0.92          0          0          0
      0.93          0          0          0
      0.94          0          0          0
      0.95          0          0          0
      0.96          0          0          0
      0.97          0          0          0
      0.98          0          0          0
      0.99          0          0          0
