         0          1   0.230724    0.37494
      0.01   0.928753   0.213426   0.347091
      0.02   0.906075    0.21106   0.342369
      0.03   0.872821   0.210476   0.339164
      0.04   0.792774   0.217034   0.340776
      0.05   0.738873   0.226305   0.346487
      0.06   0.634456   0.243113   0.351527
      0.07   0.567439   0.251547   0.348571
      0.08   0.474277   0.262186   0.337692
      0.09   0.425199   0.269975   0.330257
       0.1   0.352259   0.276231   0.309647
      0.11   0.294466   0.285566   0.289948
      0.12   0.264089   0.303579    0.28246
      0.13   0.214588   0.316151   0.255652
      0.14    0.17118   0.326965   0.224713
      0.15   0.133271   0.352821   0.193465
      0.16    0.11034   0.377807   0.170798
      0.17  0.0948553   0.451613   0.156781
      0.18  0.0651548   0.468944   0.114413
      0.19  0.0478084   0.561497  0.0881144
       0.2  0.0342698   0.615942  0.0649271
      0.21  0.0291928   0.802326  0.0563357
      0.22  0.0224234   0.896552  0.0437526
      0.23  0.0207311       0.94  0.0405675
      0.24  0.0155695          1  0.0306616
      0.25  0.0091386          1  0.0181117
      0.26 0.00829244          1  0.0164485
      0.27  0.0071078          1  0.0141153
      0.28 0.00431545          1 0.00859382
      0.29          0          0          0
       0.3          0          0          0
      0.31          0          0          0
      0.32          0          0          0
      0.33          0          0          0
      0.34          0          0          0
      0.35          0          0          0
      0.36          0          0          0
      0.37          0          0          0
      0.38          0          0          0
      0.39          0          0          0
       0.4          0          0          0
      0.41          0          0          0
      0.42          0          0          0
      0.43          0          0          0
      0.44          0          0          0
      0.45          0          0          0
      0.46          0          0          0
      0.47          0          0          0
      0.48          0          0          0
      0.49          0          0          0
       0.5          0          0          0
      0.51          0          0          0
      0.52          0          0          0
      0.53          0          0          0
      0.54          0          0          0
      0.55          0          0          0
      0.56          0          0          0
      0.57          0          0          0
      0.58          0          0          0
      0.59          0          0          0
       0.6          0          0          0
      0.61          0          0          0
      0.62          0          0          0
      0.63          0          0          0
      0.64          0          0          0
      0.65          0          0          0
      0.66          0          0          0
      0.67          0          0          0
      0.68          0          0          0
      0.69          0          0          0
       0.7          0          0          0
      0.71          0          0          0
      0.72          0          0          0
      0.73          0          0          0
      0.74          0          0          0
      0.75          0          0          0
      0.76          0          0          0
      0.77          0          0          0
      0.78          0          0          0
      0.79          0          0          0
       0.8          0          0          0
      0.81          0          0          0
      0.82          0          0          0
      0.83          0          0          0
      0.84          0          0          0
      0.85          0          0          0
      0.86          0          0          0
      0.87          0          0          0
      0.88          0          0          0
      0.89          0          0          0
       0.9          0          0          0
      0.91          0          0          0
      0.92          0          0          0
      0.93          0          0          0
      0.94          0          0          0
      0.95          0          0          0
      0.96          0          0          0
      0.97          0          0          0
      0.98          0          0          0
      0.99          0          0          0
