         0          1   0.176689   0.300316
      0.01   0.906386   0.160901   0.273287
      0.02   0.905318    0.16277    0.27593
      0.03   0.899893   0.168042     0.2832
      0.04   0.884113   0.179021   0.297751
      0.05   0.861018   0.190977   0.312614
      0.06   0.813676   0.215525   0.340784
      0.07   0.776773   0.234084   0.359755
      0.08   0.691625    0.26622   0.384456
      0.09   0.634421   0.293742   0.401559
       0.1   0.531109   0.342419   0.416384
      0.11   0.447933   0.380425   0.411428
      0.12   0.397386   0.416805   0.406864
      0.13   0.321197   0.474186   0.382978
      0.14   0.279773   0.515213    0.36263
      0.15   0.225528   0.601744   0.328091
      0.16   0.174077   0.617476   0.271589
      0.17   0.114737   0.647887   0.194949
      0.18  0.0849018   0.664122   0.150556
      0.19  0.0505466   0.786667  0.0949896
       0.2  0.0467658   0.902655  0.0889246
      0.21   0.037314          1  0.0719436
      0.22  0.0197255          1  0.0386878
      0.23  0.0129038          1  0.0254787
      0.24          0          0          0
      0.25          0          0          0
      0.26          0          0          0
      0.27          0          0          0
      0.28          0          0          0
      0.29          0          0          0
       0.3          0          0          0
      0.31          0          0          0
      0.32          0          0          0
      0.33          0          0          0
      0.34          0          0          0
      0.35          0          0          0
      0.36          0          0          0
      0.37          0          0          0
      0.38          0          0          0
      0.39          0          0          0
       0.4          0          0          0
      0.41          0          0          0
      0.42          0          0          0
      0.43          0          0          0
      0.44          0          0          0
      0.45          0          0          0
      0.46          0          0          0
      0.47          0          0          0
      0.48          0          0          0
      0.49          0          0          0
       0.5          0          0          0
      0.51          0          0          0
      0.52          0          0          0
      0.53          0          0          0
      0.54          0          0          0
      0.55          0          0          0
      0.56          0          0          0
      0.57          0          0          0
      0.58          0          0          0
      0.59          0          0          0
       0.6          0          0          0
      0.61          0          0          0
      0.62          0          0          0
      0.63          0          0          0
      0.64          0          0          0
      0.65          0          0          0
      0.66          0          0          0
      0.67          0          0          0
      0.68          0          0          0
      0.69          0          0          0
       0.7          0          0          0
      0.71          0          0          0
      0.72          0          0          0
      0.73          0          0          0
      0.74          0          0          0
      0.75          0          0          0
      0.76          0          0          0
      0.77          0          0          0
      0.78          0          0          0
      0.79          0          0          0
       0.8          0          0          0
      0.81          0          0          0
      0.82          0          0          0
      0.83          0          0          0
      0.84          0          0          0
      0.85          0          0          0
      0.86          0          0          0
      0.87          0          0          0
      0.88          0          0          0
      0.89          0          0          0
       0.9          0          0          0
      0.91          0          0          0
      0.92          0          0          0
      0.93          0          0          0
      0.94          0          0          0
      0.95          0          0          0
      0.96          0          0          0
      0.97          0          0          0
      0.98          0          0          0
      0.99          0          0          0
