         0          1   0.263807   0.417479
      0.01   0.963173    0.30988   0.468901
      0.02   0.961889   0.449855   0.613016
      0.03   0.960264   0.490379    0.64922
      0.04   0.950822   0.535376   0.685033
      0.05   0.938546   0.561193   0.702396
      0.06   0.912106   0.592268   0.718187
      0.07     0.8522   0.609409   0.710639
      0.08   0.772805   0.655883   0.709559
      0.09   0.698055   0.679251   0.688524
       0.1   0.591048   0.717244    0.64806
      0.11   0.464929   0.754533   0.575343
      0.12   0.394108   0.791508   0.526207
      0.13   0.315694   0.818493   0.455645
      0.14   0.236601   0.829181   0.368152
      0.15   0.179226   0.882873   0.297964
      0.16   0.159207    0.92327   0.271582
      0.17    0.13949   0.934688   0.242752
      0.18   0.128121   0.947287   0.225714
      0.19   0.119962   0.959002   0.213249
       0.2   0.114976   0.960076   0.205359
      0.21   0.103305   0.965021   0.186631
      0.22  0.0922757   0.983683   0.168724
      0.23  0.0881209   0.984456   0.161762
      0.24  0.0747875   0.993691   0.139106
      0.25   0.061152          1   0.115256
      0.26  0.0326346          1  0.0632064
      0.27 0.00600567          1  0.0119396
      0.28          0          0          0
      0.29          0          0          0
       0.3          0          0          0
      0.31          0          0          0
      0.32          0          0          0
      0.33          0          0          0
      0.34          0          0          0
      0.35          0          0          0
      0.36          0          0          0
      0.37          0          0          0
      0.38          0          0          0
      0.39          0          0          0
       0.4          0          0          0
      0.41          0          0          0
      0.42          0          0          0
      0.43          0          0          0
      0.44          0          0          0
      0.45          0          0          0
      0.46          0          0          0
      0.47          0          0          0
      0.48          0          0          0
      0.49          0          0          0
       0.5          0          0          0
      0.51          0          0          0
      0.52          0          0          0
      0.53          0          0          0
      0.54          0          0          0
      0.55          0          0          0
      0.56          0          0          0
      0.57          0          0          0
      0.58          0          0          0
      0.59          0          0          0
       0.6          0          0          0
      0.61          0          0          0
      0.62          0          0          0
      0.63          0          0          0
      0.64          0          0          0
      0.65          0          0          0
      0.66          0          0          0
      0.67          0          0          0
      0.68          0          0          0
      0.69          0          0          0
       0.7          0          0          0
      0.71          0          0          0
      0.72          0          0          0
      0.73          0          0          0
      0.74          0          0          0
      0.75          0          0          0
      0.76          0          0          0
      0.77          0          0          0
      0.78          0          0          0
      0.79          0          0          0
       0.8          0          0          0
      0.81          0          0          0
      0.82          0          0          0
      0.83          0          0          0
      0.84          0          0          0
      0.85          0          0          0
      0.86          0          0          0
      0.87          0          0          0
      0.88          0          0          0
      0.89          0          0          0
       0.9          0          0          0
      0.91          0          0          0
      0.92          0          0          0
      0.93          0          0          0
      0.94          0          0          0
      0.95          0          0          0
      0.96          0          0          0
      0.97          0          0          0
      0.98          0          0          0
      0.99          0          0          0
