         0          1   0.235879   0.381719
      0.01   0.926659   0.290672   0.442531
      0.02   0.922914   0.390731   0.549023
      0.03   0.914718   0.426007   0.581292
      0.04   0.877694   0.485243   0.624966
      0.05   0.830213   0.512811   0.634005
      0.06   0.749947     0.5745   0.650603
      0.07   0.675899   0.607403   0.639823
      0.08   0.606797   0.694791    0.64782
      0.09   0.566735   0.763424   0.650537
       0.1   0.497562   0.840702    0.62514
      0.11   0.444499    0.90191   0.595507
      0.12   0.390589   0.929387   0.550022
      0.13   0.337384   0.953728   0.498443
      0.14   0.278316   0.975767   0.433099
      0.15   0.224263          1   0.366365
      0.16   0.193316          1   0.323998
      0.17   0.147884          1   0.257663
      0.18   0.115311          1   0.206779
      0.19  0.0795591          1   0.147392
       0.2  0.0765209          1   0.142163
      0.21  0.0700205          1   0.130877
      0.22  0.0478344          1  0.0913014
      0.23  0.0430297          1  0.0825091
      0.24  0.0336324          1  0.0650762
      0.25  0.0190772          1  0.0374402
      0.26 0.00678301          1  0.0134746
      0.27          0          0          0
      0.28          0          0          0
      0.29          0          0          0
       0.3          0          0          0
      0.31          0          0          0
      0.32          0          0          0
      0.33          0          0          0
      0.34          0          0          0
      0.35          0          0          0
      0.36          0          0          0
      0.37          0          0          0
      0.38          0          0          0
      0.39          0          0          0
       0.4          0          0          0
      0.41          0          0          0
      0.42          0          0          0
      0.43          0          0          0
      0.44          0          0          0
      0.45          0          0          0
      0.46          0          0          0
      0.47          0          0          0
      0.48          0          0          0
      0.49          0          0          0
       0.5          0          0          0
      0.51          0          0          0
      0.52          0          0          0
      0.53          0          0          0
      0.54          0          0          0
      0.55          0          0          0
      0.56          0          0          0
      0.57          0          0          0
      0.58          0          0          0
      0.59          0          0          0
       0.6          0          0          0
      0.61          0          0          0
      0.62          0          0          0
      0.63          0          0          0
      0.64          0          0          0
      0.65          0          0          0
      0.66          0          0          0
      0.67          0          0          0
      0.68          0          0          0
      0.69          0          0          0
       0.7          0          0          0
      0.71          0          0          0
      0.72          0          0          0
      0.73          0          0          0
      0.74          0          0          0
      0.75          0          0          0
      0.76          0          0          0
      0.77          0          0          0
      0.78          0          0          0
      0.79          0          0          0
       0.8          0          0          0
      0.81          0          0          0
      0.82          0          0          0
      0.83          0          0          0
      0.84          0          0          0
      0.85          0          0          0
      0.86          0          0          0
      0.87          0          0          0
      0.88          0          0          0
      0.89          0          0          0
       0.9          0          0          0
      0.91          0          0          0
      0.92          0          0          0
      0.93          0          0          0
      0.94          0          0          0
      0.95          0          0          0
      0.96          0          0          0
      0.97          0          0          0
      0.98          0          0          0
      0.99          0          0          0
