         0          1   0.173626   0.295879
      0.01   0.917928   0.208445    0.33974
      0.02   0.894548   0.354664   0.507942
      0.03   0.855743   0.518043   0.645387
      0.04   0.771537   0.755901   0.763639
      0.05   0.736806   0.816788   0.774738
      0.06   0.690629   0.853955   0.763657
      0.07   0.680636   0.855346   0.758055
      0.08   0.664144   0.872768   0.754297
      0.09    0.65648   0.883562   0.753279
       0.1   0.638727   0.906748   0.749497
      0.11   0.630287   0.940711    0.75483
      0.12   0.615153   0.951705   0.747284
      0.13   0.572662   0.969984   0.720156
      0.14   0.549185   0.987931   0.705941
      0.15   0.517268   0.994371   0.680528
      0.16   0.498836   0.998004   0.665188
      0.17   0.447225          1   0.618045
      0.18   0.417831          1   0.589394
      0.19   0.366705          1   0.536627
       0.2   0.279007          1   0.436286
      0.21   0.140958          1   0.247088
      0.22  0.0495731          1  0.0944634
      0.23  0.0186263          1  0.0365714
      0.24          0          0          0
      0.25          0          0          0
      0.26          0          0          0
      0.27          0          0          0
      0.28          0          0          0
      0.29          0          0          0
       0.3          0          0          0
      0.31          0          0          0
      0.32          0          0          0
      0.33          0          0          0
      0.34          0          0          0
      0.35          0          0          0
      0.36          0          0          0
      0.37          0          0          0
      0.38          0          0          0
      0.39          0          0          0
       0.4          0          0          0
      0.41          0          0          0
      0.42          0          0          0
      0.43          0          0          0
      0.44          0          0          0
      0.45          0          0          0
      0.46          0          0          0
      0.47          0          0          0
      0.48          0          0          0
      0.49          0          0          0
       0.5          0          0          0
      0.51          0          0          0
      0.52          0          0          0
      0.53          0          0          0
      0.54          0          0          0
      0.55          0          0          0
      0.56          0          0          0
      0.57          0          0          0
      0.58          0          0          0
      0.59          0          0          0
       0.6          0          0          0
      0.61          0          0          0
      0.62          0          0          0
      0.63          0          0          0
      0.64          0          0          0
      0.65          0          0          0
      0.66          0          0          0
      0.67          0          0          0
      0.68          0          0          0
      0.69          0          0          0
       0.7          0          0          0
      0.71          0          0          0
      0.72          0          0          0
      0.73          0          0          0
      0.74          0          0          0
      0.75          0          0          0
      0.76          0          0          0
      0.77          0          0          0
      0.78          0          0          0
      0.79          0          0          0
       0.8          0          0          0
      0.81          0          0          0
      0.82          0          0          0
      0.83          0          0          0
      0.84          0          0          0
      0.85          0          0          0
      0.86          0          0          0
      0.87          0          0          0
      0.88          0          0          0
      0.89          0          0          0
       0.9          0          0          0
      0.91          0          0          0
      0.92          0          0          0
      0.93          0          0          0
      0.94          0          0          0
      0.95          0          0          0
      0.96          0          0          0
      0.97          0          0          0
      0.98          0          0          0
      0.99          0          0          0
