         0          1   0.331079    0.49746
      0.01   0.931901    0.32014   0.476564
      0.02   0.931652   0.320555   0.476991
      0.03   0.930906   0.321016   0.477403
      0.04   0.926551   0.323524    0.47959
      0.05   0.919293   0.324763   0.479966
      0.06   0.910045   0.331171   0.485622
      0.07   0.906146    0.33824   0.492605
      0.08   0.885451   0.350455   0.502159
      0.09    0.87106   0.358151   0.507596
       0.1    0.84684   0.376924    0.52166
      0.11   0.806362   0.397249   0.532276
      0.12   0.768746   0.409304   0.534189
      0.13   0.723913   0.438939   0.546508
      0.14   0.684431   0.462341    0.55188
      0.15   0.620479   0.503169     0.5557
      0.16   0.580168    0.53109   0.554545
      0.17   0.500829   0.576519   0.536015
      0.18   0.448573   0.598121   0.512664
      0.19   0.376452   0.646866    0.47593
       0.2   0.332241   0.674327   0.445155
      0.21   0.266631    0.70922   0.387559
      0.22   0.202223   0.742373    0.31786
      0.23   0.161248   0.744222   0.265065
      0.24    0.10248   0.760638   0.180625
      0.25  0.0649054   0.788732   0.119941
      0.26   0.028575   0.786408  0.0551462
      0.27  0.0160916   0.880597  0.0316056
      0.28 0.00991208   0.935484  0.0196163
      0.29 0.00128567          1 0.00256803
       0.3          0          0          0
      0.31          0          0          0
      0.32          0          0          0
      0.33          0          0          0
      0.34          0          0          0
      0.35          0          0          0
      0.36          0          0          0
      0.37          0          0          0
      0.38          0          0          0
      0.39          0          0          0
       0.4          0          0          0
      0.41          0          0          0
      0.42          0          0          0
      0.43          0          0          0
      0.44          0          0          0
      0.45          0          0          0
      0.46          0          0          0
      0.47          0          0          0
      0.48          0          0          0
      0.49          0          0          0
       0.5          0          0          0
      0.51          0          0          0
      0.52          0          0          0
      0.53          0          0          0
      0.54          0          0          0
      0.55          0          0          0
      0.56          0          0          0
      0.57          0          0          0
      0.58          0          0          0
      0.59          0          0          0
       0.6          0          0          0
      0.61          0          0          0
      0.62          0          0          0
      0.63          0          0          0
      0.64          0          0          0
      0.65          0          0          0
      0.66          0          0          0
      0.67          0          0          0
      0.68          0          0          0
      0.69          0          0          0
       0.7          0          0          0
      0.71          0          0          0
      0.72          0          0          0
      0.73          0          0          0
      0.74          0          0          0
      0.75          0          0          0
      0.76          0          0          0
      0.77          0          0          0
      0.78          0          0          0
      0.79          0          0          0
       0.8          0          0          0
      0.81          0          0          0
      0.82          0          0          0
      0.83          0          0          0
      0.84          0          0          0
      0.85          0          0          0
      0.86          0          0          0
      0.87          0          0          0
      0.88          0          0          0
      0.89          0          0          0
       0.9          0          0          0
      0.91          0          0          0
      0.92          0          0          0
      0.93          0          0          0
      0.94          0          0          0
      0.95          0          0          0
      0.96          0          0          0
      0.97          0          0          0
      0.98          0          0          0
      0.99          0          0          0
