         0          1   0.339259   0.506637
      0.01   0.957325   0.339383   0.501115
      0.02   0.938075   0.515951   0.665739
      0.03   0.908659   0.706296   0.794799
      0.04   0.849285    0.81428   0.831414
      0.05   0.811519   0.830103   0.820706
      0.06   0.767182   0.845603   0.804486
      0.07   0.737379     0.8637   0.795556
      0.08   0.668148   0.889114   0.762954
      0.09   0.630228   0.908612    0.74424
       0.1    0.56753   0.937919   0.707161
      0.11   0.481368    0.94153   0.637042
      0.12   0.398299   0.939373   0.559407
      0.13   0.240162   0.916372   0.380582
      0.14   0.162273   0.894737   0.274721
      0.15  0.0886741   0.859375    0.16076
      0.16  0.0613452   0.838129   0.114323
      0.17   0.035717   0.837079  0.0685108
      0.18  0.0287205   0.902256   0.055669
      0.19  0.0169695   0.925926  0.0333281
       0.2  0.0129107   0.936508  0.0254703
      0.21 0.00703518    0.95122  0.0139671
      0.22  0.0040201   0.958333 0.00800661
      0.23 0.00212601   0.923077 0.00424226
      0.24 0.00173947          1 0.00347289
      0.25 0.000889061          1 0.00177654
      0.26 0.000579822          1 0.00115897
      0.27          0          0          0
      0.28          0          0          0
      0.29          0          0          0
       0.3          0          0          0
      0.31          0          0          0
      0.32          0          0          0
      0.33          0          0          0
      0.34          0          0          0
      0.35          0          0          0
      0.36          0          0          0
      0.37          0          0          0
      0.38          0          0          0
      0.39          0          0          0
       0.4          0          0          0
      0.41          0          0          0
      0.42          0          0          0
      0.43          0          0          0
      0.44          0          0          0
      0.45          0          0          0
      0.46          0          0          0
      0.47          0          0          0
      0.48          0          0          0
      0.49          0          0          0
       0.5          0          0          0
      0.51          0          0          0
      0.52          0          0          0
      0.53          0          0          0
      0.54          0          0          0
      0.55          0          0          0
      0.56          0          0          0
      0.57          0          0          0
      0.58          0          0          0
      0.59          0          0          0
       0.6          0          0          0
      0.61          0          0          0
      0.62          0          0          0
      0.63          0          0          0
      0.64          0          0          0
      0.65          0          0          0
      0.66          0          0          0
      0.67          0          0          0
      0.68          0          0          0
      0.69          0          0          0
       0.7          0          0          0
      0.71          0          0          0
      0.72          0          0          0
      0.73          0          0          0
      0.74          0          0          0
      0.75          0          0          0
      0.76          0          0          0
      0.77          0          0          0
      0.78          0          0          0
      0.79          0          0          0
       0.8          0          0          0
      0.81          0          0          0
      0.82          0          0          0
      0.83          0          0          0
      0.84          0          0          0
      0.85          0          0          0
      0.86          0          0          0
      0.87          0          0          0
      0.88          0          0          0
      0.89          0          0          0
       0.9          0          0          0
      0.91          0          0          0
      0.92          0          0          0
      0.93          0          0          0
      0.94          0          0          0
      0.95          0          0          0
      0.96          0          0          0
      0.97          0          0          0
      0.98          0          0          0
      0.99          0          0          0
