         0          1   0.172013   0.293534
      0.01   0.925201   0.168903   0.285657
      0.02   0.925201   0.184034   0.307002
      0.03   0.923982    0.21058   0.342991
      0.04   0.906053   0.280634   0.428537
      0.05   0.888052   0.338733   0.490408
      0.06   0.840935   0.424602   0.564287
      0.07    0.80142   0.478785   0.599448
      0.08   0.735227   0.542926    0.62461
      0.09   0.691624   0.563074   0.620763
       0.1   0.635399   0.609637   0.622251
      0.11   0.587206   0.651363   0.617623
      0.12    0.55687   0.662112   0.604948
      0.13   0.508176   0.656869   0.573033
      0.14   0.456899   0.635695   0.531668
      0.15   0.385255   0.603125   0.470178
      0.16   0.347103   0.587927   0.436502
      0.17   0.279332   0.533193   0.366605
      0.18   0.234079   0.507514   0.320387
      0.19   0.190189   0.467655   0.270407
       0.2   0.163368   0.434132     0.2374
      0.21    0.13002   0.447479   0.201494
      0.22  0.0736517        0.6   0.131199
      0.23  0.0343517   0.784615  0.0658216
      0.24 0.00545037   0.727273  0.0108197
      0.25          0          0          0
      0.26          0          0          0
      0.27          0          0          0
      0.28          0          0          0
      0.29          0          0          0
       0.3          0          0          0
      0.31          0          0          0
      0.32          0          0          0
      0.33          0          0          0
      0.34          0          0          0
      0.35          0          0          0
      0.36          0          0          0
      0.37          0          0          0
      0.38          0          0          0
      0.39          0          0          0
       0.4          0          0          0
      0.41          0          0          0
      0.42          0          0          0
      0.43          0          0          0
      0.44          0          0          0
      0.45          0          0          0
      0.46          0          0          0
      0.47          0          0          0
      0.48          0          0          0
      0.49          0          0          0
       0.5          0          0          0
      0.51          0          0          0
      0.52          0          0          0
      0.53          0          0          0
      0.54          0          0          0
      0.55          0          0          0
      0.56          0          0          0
      0.57          0          0          0
      0.58          0          0          0
      0.59          0          0          0
       0.6          0          0          0
      0.61          0          0          0
      0.62          0          0          0
      0.63          0          0          0
      0.64          0          0          0
      0.65          0          0          0
      0.66          0          0          0
      0.67          0          0          0
      0.68          0          0          0
      0.69          0          0          0
       0.7          0          0          0
      0.71          0          0          0
      0.72          0          0          0
      0.73          0          0          0
      0.74          0          0          0
      0.75          0          0          0
      0.76          0          0          0
      0.77          0          0          0
      0.78          0          0          0
      0.79          0          0          0
       0.8          0          0          0
      0.81          0          0          0
      0.82          0          0          0
      0.83          0          0          0
      0.84          0          0          0
      0.85          0          0          0
      0.86          0          0          0
      0.87          0          0          0
      0.88          0          0          0
      0.89          0          0          0
       0.9          0          0          0
      0.91          0          0          0
      0.92          0          0          0
      0.93          0          0          0
      0.94          0          0          0
      0.95          0          0          0
      0.96          0          0          0
      0.97          0          0          0
      0.98          0          0          0
      0.99          0          0          0
