         0          1   0.171113   0.292223
      0.01    0.94999   0.140985   0.245531
      0.02   0.949705   0.143408   0.249188
      0.03   0.946847    0.14876   0.257123
      0.04   0.921223   0.167173   0.282992
      0.05   0.889026   0.189397   0.312268
      0.06   0.844351   0.246302    0.38136
      0.07   0.821204   0.311467   0.451637
      0.08    0.78072   0.426795    0.55189
      0.09   0.749952   0.513162   0.609362
       0.1   0.689369   0.627029   0.656723
      0.11   0.631073   0.697662   0.662699
      0.12   0.576491   0.718459   0.639693
      0.13   0.459135   0.736428   0.565625
      0.14   0.382168   0.756654   0.507839
      0.15   0.304915   0.799266   0.441428
      0.16   0.278529   0.835347   0.417764
      0.17   0.218613   0.898678   0.351677
      0.18   0.192227   0.952646   0.319903
      0.19   0.145361   0.984496   0.253319
       0.2   0.122023          1   0.217506
      0.21   0.101734          1   0.184679
      0.22  0.0929701          1   0.170124
      0.23  0.0871595          1   0.160343
      0.24  0.0711564          1   0.132859
      0.25  0.0507716          1  0.0966368
      0.26   0.026767          1  0.0521384
      0.27  0.0159078          1  0.0313174
      0.28 0.00885883          1  0.0175621
      0.29 0.00666794          1  0.0132475
       0.3          0          0          0
      0.31          0          0          0
      0.32          0          0          0
      0.33          0          0          0
      0.34          0          0          0
      0.35          0          0          0
      0.36          0          0          0
      0.37          0          0          0
      0.38          0          0          0
      0.39          0          0          0
       0.4          0          0          0
      0.41          0          0          0
      0.42          0          0          0
      0.43          0          0          0
      0.44          0          0          0
      0.45          0          0          0
      0.46          0          0          0
      0.47          0          0          0
      0.48          0          0          0
      0.49          0          0          0
       0.5          0          0          0
      0.51          0          0          0
      0.52          0          0          0
      0.53          0          0          0
      0.54          0          0          0
      0.55          0          0          0
      0.56          0          0          0
      0.57          0          0          0
      0.58          0          0          0
      0.59          0          0          0
       0.6          0          0          0
      0.61          0          0          0
      0.62          0          0          0
      0.63          0          0          0
      0.64          0          0          0
      0.65          0          0          0
      0.66          0          0          0
      0.67          0          0          0
      0.68          0          0          0
      0.69          0          0          0
       0.7          0          0          0
      0.71          0          0          0
      0.72          0          0          0
      0.73          0          0          0
      0.74          0          0          0
      0.75          0          0          0
      0.76          0          0          0
      0.77          0          0          0
      0.78          0          0          0
      0.79          0          0          0
       0.8          0          0          0
      0.81          0          0          0
      0.82          0          0          0
      0.83          0          0          0
      0.84          0          0          0
      0.85          0          0          0
      0.86          0          0          0
      0.87          0          0          0
      0.88          0          0          0
      0.89          0          0          0
       0.9          0          0          0
      0.91          0          0          0
      0.92          0          0          0
      0.93          0          0          0
      0.94          0          0          0
      0.95          0          0          0
      0.96          0          0          0
      0.97          0          0          0
      0.98          0          0          0
      0.99          0          0          0
