         0          1   0.216663    0.35616
      0.01   0.988089   0.390502   0.559775
      0.02   0.988089   0.539889   0.698254
      0.03   0.988043   0.632907   0.771571
      0.04   0.984466   0.778704   0.869579
      0.05   0.979212   0.804981    0.88359
      0.06   0.972509   0.815187   0.886925
      0.07    0.96798   0.824854   0.890704
      0.08   0.958696   0.840132   0.895507
      0.09   0.949457   0.859891   0.902457
       0.1   0.940897   0.884731    0.91195
      0.11    0.92183   0.908625    0.91518
      0.12   0.908696     0.9389   0.923551
      0.13   0.880616   0.976641   0.926146
      0.14   0.857609    0.99532   0.921347
      0.15   0.827038   0.999174   0.904993
      0.16   0.764085   0.999549   0.866099
      0.17   0.706612   0.999506   0.827918
      0.18   0.681476          1   0.810569
      0.19   0.626042          1   0.770019
       0.2   0.587726          1   0.740337
      0.21   0.512908          1   0.678042
      0.22   0.435734          1   0.606984
      0.23   0.364402          1   0.534157
      0.24   0.262183          1   0.415444
      0.25   0.172645          1   0.294454
      0.26  0.0574728          1   0.108698
      0.27  0.0388587          1  0.0748104
      0.28  0.0177989          1  0.0349753
      0.29          0          0          0
       0.3          0          0          0
      0.31          0          0          0
      0.32          0          0          0
      0.33          0          0          0
      0.34          0          0          0
      0.35          0          0          0
      0.36          0          0          0
      0.37          0          0          0
      0.38          0          0          0
      0.39          0          0          0
       0.4          0          0          0
      0.41          0          0          0
      0.42          0          0          0
      0.43          0          0          0
      0.44          0          0          0
      0.45          0          0          0
      0.46          0          0          0
      0.47          0          0          0
      0.48          0          0          0
      0.49          0          0          0
       0.5          0          0          0
      0.51          0          0          0
      0.52          0          0          0
      0.53          0          0          0
      0.54          0          0          0
      0.55          0          0          0
      0.56          0          0          0
      0.57          0          0          0
      0.58          0          0          0
      0.59          0          0          0
       0.6          0          0          0
      0.61          0          0          0
      0.62          0          0          0
      0.63          0          0          0
      0.64          0          0          0
      0.65          0          0          0
      0.66          0          0          0
      0.67          0          0          0
      0.68          0          0          0
      0.69          0          0          0
       0.7          0          0          0
      0.71          0          0          0
      0.72          0          0          0
      0.73          0          0          0
      0.74          0          0          0
      0.75          0          0          0
      0.76          0          0          0
      0.77          0          0          0
      0.78          0          0          0
      0.79          0          0          0
       0.8          0          0          0
      0.81          0          0          0
      0.82          0          0          0
      0.83          0          0          0
      0.84          0          0          0
      0.85          0          0          0
      0.86          0          0          0
      0.87          0          0          0
      0.88          0          0          0
      0.89          0          0          0
       0.9          0          0          0
      0.91          0          0          0
      0.92          0          0          0
      0.93          0          0          0
      0.94          0          0          0
      0.95          0          0          0
      0.96          0          0          0
      0.97          0          0          0
      0.98          0          0          0
      0.99          0          0          0
