         0          1   0.364376   0.534128
      0.01   0.966071   0.358219   0.522643
      0.02   0.965449   0.361228   0.525746
      0.03   0.958405   0.368723   0.532558
      0.04   0.932246   0.390323   0.550258
      0.05    0.90992   0.411865   0.567057
      0.06   0.852681   0.447754   0.587175
      0.07   0.805025   0.471913   0.595019
      0.08   0.727066   0.514444   0.602548
      0.09   0.676871   0.542018   0.601985
       0.1   0.580627   0.589494   0.585027
      0.11   0.497488   0.648301   0.562969
      0.12   0.434188   0.686764    0.53202
      0.13   0.369024   0.738871   0.492214
      0.14   0.297798   0.755866   0.427263
      0.15   0.255944   0.796659   0.387421
      0.16   0.228127   0.817406   0.356704
      0.17   0.194354   0.871254   0.317812
      0.18   0.173737    0.88089   0.290232
      0.19   0.132712   0.892919   0.231079
       0.2    0.10992   0.903017   0.195983
      0.21  0.0860399   0.917683   0.157329
      0.22  0.0666149   0.940639   0.124419
      0.23   0.048692   0.974843  0.0927513
      0.24  0.0281274   0.989247  0.0546996
      0.25  0.0199948          1  0.0392057
      0.26  0.0152292          1  0.0300015
      0.27  0.0105672          1  0.0209134
      0.28  0.0027972          1  0.0055788
      0.29          0          0          0
       0.3          0          0          0
      0.31          0          0          0
      0.32          0          0          0
      0.33          0          0          0
      0.34          0          0          0
      0.35          0          0          0
      0.36          0          0          0
      0.37          0          0          0
      0.38          0          0          0
      0.39          0          0          0
       0.4          0          0          0
      0.41          0          0          0
      0.42          0          0          0
      0.43          0          0          0
      0.44          0          0          0
      0.45          0          0          0
      0.46          0          0          0
      0.47          0          0          0
      0.48          0          0          0
      0.49          0          0          0
       0.5          0          0          0
      0.51          0          0          0
      0.52          0          0          0
      0.53          0          0          0
      0.54          0          0          0
      0.55          0          0          0
      0.56          0          0          0
      0.57          0          0          0
      0.58          0          0          0
      0.59          0          0          0
       0.6          0          0          0
      0.61          0          0          0
      0.62          0          0          0
      0.63          0          0          0
      0.64          0          0          0
      0.65          0          0          0
      0.66          0          0          0
      0.67          0          0          0
      0.68          0          0          0
      0.69          0          0          0
       0.7          0          0          0
      0.71          0          0          0
      0.72          0          0          0
      0.73          0          0          0
      0.74          0          0          0
      0.75          0          0          0
      0.76          0          0          0
      0.77          0          0          0
      0.78          0          0          0
      0.79          0          0          0
       0.8          0          0          0
      0.81          0          0          0
      0.82          0          0          0
      0.83          0          0          0
      0.84          0          0          0
      0.85          0          0          0
      0.86          0          0          0
      0.87          0          0          0
      0.88          0          0          0
      0.89          0          0          0
       0.9          0          0          0
      0.91          0          0          0
      0.92          0          0          0
      0.93          0          0          0
      0.94          0          0          0
      0.95          0          0          0
      0.96          0          0          0
      0.97          0          0          0
      0.98          0          0          0
      0.99          0          0          0
