         0          1   0.374026   0.544424
      0.01   0.870226   0.359853    0.50916
      0.02    0.83388   0.361312   0.504171
      0.03   0.817077   0.367188   0.506679
      0.04    0.78514   0.383388   0.515201
      0.05   0.758863   0.401915   0.525507
      0.06   0.726211   0.434586   0.543766
      0.07   0.692248   0.452451   0.547233
      0.08   0.623726   0.492101    0.55015
      0.09   0.568552    0.52376   0.545237
       0.1   0.486206   0.571792   0.525538
      0.11   0.395102   0.610229   0.479648
      0.12   0.335339   0.638044   0.439624
      0.13   0.239409   0.690382   0.355529
      0.14   0.193052   0.750469   0.307105
      0.15    0.14044   0.841521   0.240708
      0.16   0.111959   0.904328   0.199249
      0.17  0.0869928   0.947205   0.159351
      0.18   0.075791   0.962687   0.140519
      0.19  0.0694751          1   0.129924
       0.2  0.0591074          1   0.111617
      0.21  0.0546982          1   0.103723
      0.22  0.0405172          1  0.0778789
      0.23  0.0247274          1  0.0482614
      0.24 0.00917595          1   0.018185
      0.25  0.0014896          1 0.00297477
      0.26          0          0          0
      0.27          0          0          0
      0.28          0          0          0
      0.29          0          0          0
       0.3          0          0          0
      0.31          0          0          0
      0.32          0          0          0
      0.33          0          0          0
      0.34          0          0          0
      0.35          0          0          0
      0.36          0          0          0
      0.37          0          0          0
      0.38          0          0          0
      0.39          0          0          0
       0.4          0          0          0
      0.41          0          0          0
      0.42          0          0          0
      0.43          0          0          0
      0.44          0          0          0
      0.45          0          0          0
      0.46          0          0          0
      0.47          0          0          0
      0.48          0          0          0
      0.49          0          0          0
       0.5          0          0          0
      0.51          0          0          0
      0.52          0          0          0
      0.53          0          0          0
      0.54          0          0          0
      0.55          0          0          0
      0.56          0          0          0
      0.57          0          0          0
      0.58          0          0          0
      0.59          0          0          0
       0.6          0          0          0
      0.61          0          0          0
      0.62          0          0          0
      0.63          0          0          0
      0.64          0          0          0
      0.65          0          0          0
      0.66          0          0          0
      0.67          0          0          0
      0.68          0          0          0
      0.69          0          0          0
       0.7          0          0          0
      0.71          0          0          0
      0.72          0          0          0
      0.73          0          0          0
      0.74          0          0          0
      0.75          0          0          0
      0.76          0          0          0
      0.77          0          0          0
      0.78          0          0          0
      0.79          0          0          0
       0.8          0          0          0
      0.81          0          0          0
      0.82          0          0          0
      0.83          0          0          0
      0.84          0          0          0
      0.85          0          0          0
      0.86          0          0          0
      0.87          0          0          0
      0.88          0          0          0
      0.89          0          0          0
       0.9          0          0          0
      0.91          0          0          0
      0.92          0          0          0
      0.93          0          0          0
      0.94          0          0          0
      0.95          0          0          0
      0.96          0          0          0
      0.97          0          0          0
      0.98          0          0          0
      0.99          0          0          0
