         0          1   0.176767   0.300428
      0.01   0.950515   0.157093   0.269625
      0.02   0.949757   0.206949   0.339847
      0.03   0.946633   0.226314   0.365295
      0.04   0.941547   0.255353   0.401749
      0.05   0.939896   0.275752   0.426403
      0.06    0.93588   0.304784    0.45982
      0.07   0.903351   0.326961   0.480139
      0.08   0.863371   0.367167   0.515224
      0.09   0.847441   0.398987   0.542539
       0.1   0.836509    0.45931    0.59301
      0.11   0.807148   0.526798   0.637513
      0.12   0.787158   0.570003   0.661207
      0.13   0.757262    0.64153   0.694608
      0.14   0.752755   0.683754   0.716597
      0.15    0.73455   0.732512    0.73353
      0.16   0.725001   0.757689   0.740985
      0.17   0.713801   0.801834   0.755261
      0.18   0.708268   0.833243   0.765689
      0.19   0.693543   0.873341   0.773127
       0.2   0.684753   0.886452   0.772656
      0.21   0.670608   0.930334   0.779403
      0.22    0.64629   0.955774   0.771139
      0.23   0.632859   0.969406   0.765787
      0.24   0.593816   0.997996   0.744593
      0.25   0.545089          1   0.705577
      0.26   0.429432          1   0.600843
      0.27   0.311454          1   0.474975
      0.28    0.13422          1   0.236673
      0.29   0.088528          1   0.162656
       0.3   0.022489          1  0.0439887
      0.31          0          0          0
      0.32          0          0          0
      0.33          0          0          0
      0.34          0          0          0
      0.35          0          0          0
      0.36          0          0          0
      0.37          0          0          0
      0.38          0          0          0
      0.39          0          0          0
       0.4          0          0          0
      0.41          0          0          0
      0.42          0          0          0
      0.43          0          0          0
      0.44          0          0          0
      0.45          0          0          0
      0.46          0          0          0
      0.47          0          0          0
      0.48          0          0          0
      0.49          0          0          0
       0.5          0          0          0
      0.51          0          0          0
      0.52          0          0          0
      0.53          0          0          0
      0.54          0          0          0
      0.55          0          0          0
      0.56          0          0          0
      0.57          0          0          0
      0.58          0          0          0
      0.59          0          0          0
       0.6          0          0          0
      0.61          0          0          0
      0.62          0          0          0
      0.63          0          0          0
      0.64          0          0          0
      0.65          0          0          0
      0.66          0          0          0
      0.67          0          0          0
      0.68          0          0          0
      0.69          0          0          0
       0.7          0          0          0
      0.71          0          0          0
      0.72          0          0          0
      0.73          0          0          0
      0.74          0          0          0
      0.75          0          0          0
      0.76          0          0          0
      0.77          0          0          0
      0.78          0          0          0
      0.79          0          0          0
       0.8          0          0          0
      0.81          0          0          0
      0.82          0          0          0
      0.83          0          0          0
      0.84          0          0          0
      0.85          0          0          0
      0.86          0          0          0
      0.87          0          0          0
      0.88          0          0          0
      0.89          0          0          0
       0.9          0          0          0
      0.91          0          0          0
      0.92          0          0          0
      0.93          0          0          0
      0.94          0          0          0
      0.95          0          0          0
      0.96          0          0          0
      0.97          0          0          0
      0.98          0          0          0
      0.99          0          0          0
