         0          1   0.298178   0.459379
      0.01    0.89711   0.292006   0.440599
      0.02   0.896791    0.29572   0.444774
      0.03   0.895784    0.30985   0.460436
      0.04   0.876691   0.357318   0.507707
      0.05   0.858976   0.405882   0.551276
      0.06   0.800583   0.492721    0.61001
      0.07   0.736993    0.54467   0.626402
      0.08   0.652612   0.603083   0.626871
      0.09   0.588332   0.628751    0.60787
       0.1   0.511588   0.679319   0.583642
      0.11   0.431451   0.718003   0.539009
      0.12   0.381756   0.750431   0.506067
      0.13   0.321188   0.830508   0.463229
      0.14   0.296632   0.860606   0.441194
      0.15   0.250331    0.88729   0.390493
      0.16   0.218404     0.8992   0.351446
      0.17   0.184195   0.927083   0.307329
      0.18   0.169451   0.947846   0.287504
      0.19   0.156881   0.979695   0.270454
       0.2   0.146062          1   0.254894
      0.21   0.131371          1   0.232233
      0.22   0.117688          1   0.210591
      0.23   0.106232          1   0.192061
      0.24  0.0754177          1   0.140257
      0.25  0.0633254          1   0.119108
      0.26  0.0232299          1  0.0454051
      0.27  0.0070008          1  0.0139043
      0.28          0          0          0
      0.29          0          0          0
       0.3          0          0          0
      0.31          0          0          0
      0.32          0          0          0
      0.33          0          0          0
      0.34          0          0          0
      0.35          0          0          0
      0.36          0          0          0
      0.37          0          0          0
      0.38          0          0          0
      0.39          0          0          0
       0.4          0          0          0
      0.41          0          0          0
      0.42          0          0          0
      0.43          0          0          0
      0.44          0          0          0
      0.45          0          0          0
      0.46          0          0          0
      0.47          0          0          0
      0.48          0          0          0
      0.49          0          0          0
       0.5          0          0          0
      0.51          0          0          0
      0.52          0          0          0
      0.53          0          0          0
      0.54          0          0          0
      0.55          0          0          0
      0.56          0          0          0
      0.57          0          0          0
      0.58          0          0          0
      0.59          0          0          0
       0.6          0          0          0
      0.61          0          0          0
      0.62          0          0          0
      0.63          0          0          0
      0.64          0          0          0
      0.65          0          0          0
      0.66          0          0          0
      0.67          0          0          0
      0.68          0          0          0
      0.69          0          0          0
       0.7          0          0          0
      0.71          0          0          0
      0.72          0          0          0
      0.73          0          0          0
      0.74          0          0          0
      0.75          0          0          0
      0.76          0          0          0
      0.77          0          0          0
      0.78          0          0          0
      0.79          0          0          0
       0.8          0          0          0
      0.81          0          0          0
      0.82          0          0          0
      0.83          0          0          0
      0.84          0          0          0
      0.85          0          0          0
      0.86          0          0          0
      0.87          0          0          0
      0.88          0          0          0
      0.89          0          0          0
       0.9          0          0          0
      0.91          0          0          0
      0.92          0          0          0
      0.93          0          0          0
      0.94          0          0          0
      0.95          0          0          0
      0.96          0          0          0
      0.97          0          0          0
      0.98          0          0          0
      0.99          0          0          0
