         0          1    0.48887   0.656699
      0.01   0.951469   0.527545   0.678753
      0.02   0.945113   0.538238   0.685874
      0.03   0.938756    0.55648   0.698751
      0.04   0.923745   0.595242   0.723972
      0.05   0.903085   0.634187   0.745118
      0.06   0.844751    0.71003   0.771553
      0.07   0.816733   0.762609   0.788743
      0.08   0.767029   0.822896   0.793981
      0.09   0.720772   0.852073   0.780942
       0.1   0.646668   0.880438    0.74566
      0.11   0.550535   0.912566    0.68676
      0.12   0.476798   0.930481    0.63051
      0.13   0.367855   0.947368   0.529939
      0.14   0.294851   0.946687   0.449655
      0.15   0.202924   0.947072   0.334234
      0.16   0.157498   0.963072   0.270723
      0.17   0.101046   0.963218   0.182905
      0.18  0.0806562   0.964392   0.148862
      0.19  0.0504865   0.955157  0.0959039
       0.2  0.0440565   0.962366  0.0842559
      0.21  0.0349372          1  0.0675155
      0.22  0.0238619          1  0.0466116
      0.23  0.0160383          1  0.0315703
      0.24  0.0129578          1  0.0255841
      0.25 0.00999951          1   0.019801
      0.26 0.00872818          1  0.0173053
      0.27 0.00662559          1   0.013164
      0.28 0.00342282          1 0.00682228
      0.29 0.00254266          1 0.00507243
       0.3          0          0          0
      0.31          0          0          0
      0.32          0          0          0
      0.33          0          0          0
      0.34          0          0          0
      0.35          0          0          0
      0.36          0          0          0
      0.37          0          0          0
      0.38          0          0          0
      0.39          0          0          0
       0.4          0          0          0
      0.41          0          0          0
      0.42          0          0          0
      0.43          0          0          0
      0.44          0          0          0
      0.45          0          0          0
      0.46          0          0          0
      0.47          0          0          0
      0.48          0          0          0
      0.49          0          0          0
       0.5          0          0          0
      0.51          0          0          0
      0.52          0          0          0
      0.53          0          0          0
      0.54          0          0          0
      0.55          0          0          0
      0.56          0          0          0
      0.57          0          0          0
      0.58          0          0          0
      0.59          0          0          0
       0.6          0          0          0
      0.61          0          0          0
      0.62          0          0          0
      0.63          0          0          0
      0.64          0          0          0
      0.65          0          0          0
      0.66          0          0          0
      0.67          0          0          0
      0.68          0          0          0
      0.69          0          0          0
       0.7          0          0          0
      0.71          0          0          0
      0.72          0          0          0
      0.73          0          0          0
      0.74          0          0          0
      0.75          0          0          0
      0.76          0          0          0
      0.77          0          0          0
      0.78          0          0          0
      0.79          0          0          0
       0.8          0          0          0
      0.81          0          0          0
      0.82          0          0          0
      0.83          0          0          0
      0.84          0          0          0
      0.85          0          0          0
      0.86          0          0          0
      0.87          0          0          0
      0.88          0          0          0
      0.89          0          0          0
       0.9          0          0          0
      0.91          0          0          0
      0.92          0          0          0
      0.93          0          0          0
      0.94          0          0          0
      0.95          0          0          0
      0.96          0          0          0
      0.97          0          0          0
      0.98          0          0          0
      0.99          0          0          0
