         0          1   0.354609   0.523559
      0.01   0.910928   0.343476   0.498853
      0.02   0.910727   0.346432   0.501933
      0.03   0.910445   0.354671    0.51048
      0.04   0.908835   0.378121    0.53405
      0.05   0.905051   0.401172   0.555925
      0.06   0.891527   0.444669   0.593378
      0.07   0.882995   0.474817   0.617554
      0.08   0.852727   0.516858   0.643609
      0.09   0.827249   0.549051   0.660033
       0.1   0.783176   0.596195   0.677012
      0.11   0.744254    0.65089   0.694448
      0.12   0.713624   0.678492   0.695615
      0.13   0.653049   0.727393   0.688219
      0.14   0.623345   0.764691   0.686821
      0.15   0.567881   0.807943   0.666968
      0.16    0.52578   0.838753   0.646374
      0.17   0.465808   0.876096   0.608229
      0.18   0.421815   0.887215   0.571783
      0.19   0.350574   0.903691   0.505173
       0.2   0.294305   0.914555   0.445309
      0.21   0.194405   0.915138   0.320686
      0.22   0.114953   0.948198   0.205047
      0.23  0.0755886    0.97551   0.140306
      0.24  0.0390421          1  0.0751501
      0.25  0.0302274          1   0.058681
      0.26  0.0119944          1  0.0237044
      0.27 0.00804991          1  0.0159713
      0.28          0          0          0
      0.29          0          0          0
       0.3          0          0          0
      0.31          0          0          0
      0.32          0          0          0
      0.33          0          0          0
      0.34          0          0          0
      0.35          0          0          0
      0.36          0          0          0
      0.37          0          0          0
      0.38          0          0          0
      0.39          0          0          0
       0.4          0          0          0
      0.41          0          0          0
      0.42          0          0          0
      0.43          0          0          0
      0.44          0          0          0
      0.45          0          0          0
      0.46          0          0          0
      0.47          0          0          0
      0.48          0          0          0
      0.49          0          0          0
       0.5          0          0          0
      0.51          0          0          0
      0.52          0          0          0
      0.53          0          0          0
      0.54          0          0          0
      0.55          0          0          0
      0.56          0          0          0
      0.57          0          0          0
      0.58          0          0          0
      0.59          0          0          0
       0.6          0          0          0
      0.61          0          0          0
      0.62          0          0          0
      0.63          0          0          0
      0.64          0          0          0
      0.65          0          0          0
      0.66          0          0          0
      0.67          0          0          0
      0.68          0          0          0
      0.69          0          0          0
       0.7          0          0          0
      0.71          0          0          0
      0.72          0          0          0
      0.73          0          0          0
      0.74          0          0          0
      0.75          0          0          0
      0.76          0          0          0
      0.77          0          0          0
      0.78          0          0          0
      0.79          0          0          0
       0.8          0          0          0
      0.81          0          0          0
      0.82          0          0          0
      0.83          0          0          0
      0.84          0          0          0
      0.85          0          0          0
      0.86          0          0          0
      0.87          0          0          0
      0.88          0          0          0
      0.89          0          0          0
       0.9          0          0          0
      0.91          0          0          0
      0.92          0          0          0
      0.93          0          0          0
      0.94          0          0          0
      0.95          0          0          0
      0.96          0          0          0
      0.97          0          0          0
      0.98          0          0          0
      0.99          0          0          0
