         0          1   0.363236   0.532903
      0.01   0.973177   0.331262   0.494276
      0.02   0.968053   0.344877   0.508571
      0.03   0.958925   0.372193   0.536249
      0.04   0.892233   0.441715   0.590896
      0.05   0.786102   0.501944   0.612679
      0.06    0.58667   0.596848   0.591715
      0.07   0.466073   0.669031   0.549407
      0.08    0.32257    0.79171    0.45838
      0.09   0.267459   0.863495   0.408415
       0.1   0.215663   0.935243   0.350502
      0.11   0.200422   0.963343   0.331811
      0.12   0.197279   0.982919   0.328605
      0.13   0.194566   0.990276   0.325232
      0.14   0.193834   0.994983    0.32446
      0.15   0.183243          1    0.30973
      0.16   0.176914          1    0.30064
      0.17   0.122061          1   0.217566
      0.18  0.0688883          1   0.128897
      0.19  0.0236373          1   0.046183
       0.2   0.011711          1  0.0231509
      0.21 0.00215276          1 0.00429627
      0.22          0          0          0
      0.23          0          0          0
      0.24          0          0          0
      0.25          0          0          0
      0.26          0          0          0
      0.27          0          0          0
      0.28          0          0          0
      0.29          0          0          0
       0.3          0          0          0
      0.31          0          0          0
      0.32          0          0          0
      0.33          0          0          0
      0.34          0          0          0
      0.35          0          0          0
      0.36          0          0          0
      0.37          0          0          0
      0.38          0          0          0
      0.39          0          0          0
       0.4          0          0          0
      0.41          0          0          0
      0.42          0          0          0
      0.43          0          0          0
      0.44          0          0          0
      0.45          0          0          0
      0.46          0          0          0
      0.47          0          0          0
      0.48          0          0          0
      0.49          0          0          0
       0.5          0          0          0
      0.51          0          0          0
      0.52          0          0          0
      0.53          0          0          0
      0.54          0          0          0
      0.55          0          0          0
      0.56          0          0          0
      0.57          0          0          0
      0.58          0          0          0
      0.59          0          0          0
       0.6          0          0          0
      0.61          0          0          0
      0.62          0          0          0
      0.63          0          0          0
      0.64          0          0          0
      0.65          0          0          0
      0.66          0          0          0
      0.67          0          0          0
      0.68          0          0          0
      0.69          0          0          0
       0.7          0          0          0
      0.71          0          0          0
      0.72          0          0          0
      0.73          0          0          0
      0.74          0          0          0
      0.75          0          0          0
      0.76          0          0          0
      0.77          0          0          0
      0.78          0          0          0
      0.79          0          0          0
       0.8          0          0          0
      0.81          0          0          0
      0.82          0          0          0
      0.83          0          0          0
      0.84          0          0          0
      0.85          0          0          0
      0.86          0          0          0
      0.87          0          0          0
      0.88          0          0          0
      0.89          0          0          0
       0.9          0          0          0
      0.91          0          0          0
      0.92          0          0          0
      0.93          0          0          0
      0.94          0          0          0
      0.95          0          0          0
      0.96          0          0          0
      0.97          0          0          0
      0.98          0          0          0
      0.99          0          0          0
