    119082   0.106869   0.737772   0.751926   0.744782
     58060  0.0780808   0.636877   0.484491    0.55033
     42049       0.13   0.880616   0.976641   0.926146
     24077       0.04   0.935574   0.545384   0.689077
     78004       0.09   0.822149   0.759236   0.789441
     45096  0.0445455   0.803402    0.74059   0.770719
     38092       0.11   0.748526   0.742574   0.745538
     43074  0.0733333   0.651362   0.728174    0.68763
     16077        0.1   0.671952   0.507033   0.577958
     86000       0.07   0.897535   0.469596   0.616589
    101085       0.12   0.742922   0.843132   0.789861
     89072       0.07   0.751085   0.417127   0.536372
    126007       0.06   0.912106   0.592268   0.718187
     76053       0.06    0.67083   0.601013   0.634005
     86016  0.0517172   0.751856   0.518241   0.613563
    103070  0.0765657   0.660924   0.518152   0.580894
      8023  0.0972727   0.472505   0.214973   0.295502
     41033       0.08   0.735227   0.542926    0.62461
    109053       0.06   0.779985   0.363888   0.496257
    130026   0.167172   0.367629   0.611208   0.459112
    108082       0.08   0.650157   0.213082   0.320969
     69040       0.03   0.966877   0.323191   0.484449
     14037  0.0881818   0.574019   0.750945   0.650669
     54082  0.0314141   0.892824   0.576226    0.70041
     62096       0.21   0.670608   0.930334   0.779403
     12084       0.07   0.883487   0.304331   0.452717
     69015       0.08   0.767029   0.822896   0.793981
     97033       0.11   0.842233    0.57631   0.684346
     19021       0.08   0.815165   0.689192   0.746904
     86068       0.09    0.58712   0.510941   0.546388
      3096       0.05   0.736806   0.816788   0.774738
     41069   0.109798    0.63225   0.696235   0.662702
     21077  0.0954545    0.77411   0.649966   0.706627
    108070          0          1   0.230724    0.37494
    123074   0.101717   0.516826   0.348945   0.416609
     38082       0.07   0.736276   0.499089   0.594913
     33039   0.152121   0.611928   0.509091   0.555793
    108005       0.08   0.714977   0.425251   0.533305
    106024        0.1   0.604575   0.825175   0.697856
    102061       0.09   0.771168   0.384063   0.512758
     37073       0.04   0.849285    0.81428   0.831414
     65033  0.0868687   0.655364   0.616667   0.635427
     55073  0.0837374   0.708306   0.524749   0.602865
     66053  0.0753535   0.691819   0.575942   0.628585
     85048   0.119798   0.714243   0.677934   0.695615
     42012       0.03   0.925287   0.439334   0.595785
     87046   0.090202   0.791256   0.472689   0.591827
    105025   0.110707   0.615205   0.537057   0.573481
    101087       0.08   0.818073   0.779155    0.79814
     69020  0.0911111   0.711607   0.654679   0.681957
