         0          1   0.296598   0.457502
      0.01   0.940565   0.377794   0.539064
      0.02   0.940565   0.385132   0.546493
      0.03   0.940565   0.387656   0.549029
      0.04   0.940486   0.395018   0.556357
      0.05   0.939968   0.409203   0.570184
      0.06    0.93535    0.46965    0.62532
      0.07   0.933917   0.505397   0.655867
      0.08   0.932763    0.53771    0.68217
      0.09   0.930573   0.553563   0.694183
       0.1   0.926871   0.574715   0.709498
      0.11   0.924642   0.597561   0.725961
      0.12   0.921895   0.612416   0.735943
      0.13   0.916083    0.63585   0.750666
      0.14   0.908201   0.650775   0.758234
      0.15   0.894268   0.674228   0.768813
      0.16    0.88742   0.688611   0.775476
      0.17   0.873089   0.709365   0.782758
      0.18   0.863495   0.727886   0.789913
      0.19   0.847094   0.747238   0.794039
       0.2   0.834912   0.758873   0.795079
      0.21   0.804618   0.783591   0.793965
      0.22   0.775916   0.803139   0.789293
      0.23   0.759435   0.811863   0.784774
      0.24   0.723089   0.825809   0.771043
      0.25   0.705334   0.833052   0.763891
      0.26   0.673049   0.845438   0.749458
      0.27   0.644666   0.851392   0.733746
      0.28   0.614172   0.864026   0.717983
      0.29   0.594586   0.866031   0.705086
       0.3   0.575239    0.86459    0.69084
      0.31    0.53324   0.863253   0.659253
      0.32   0.513814   0.862705   0.644044
      0.33   0.485709   0.866124   0.622391
      0.34   0.464451   0.861479   0.603523
      0.35   0.430892   0.857263   0.573514
      0.36   0.418073   0.857393   0.562074
      0.37   0.400239   0.852806   0.544795
      0.38   0.389769   0.849432   0.534348
      0.39   0.371258   0.846989   0.516236
       0.4   0.359793    0.84898     0.5054
      0.41   0.352269   0.845263   0.497289
      0.42   0.342675    0.84182   0.487078
      0.43   0.332962   0.836506   0.476327
      0.44   0.313535   0.829412   0.455051
      0.45   0.299562   0.823313   0.439289
      0.46   0.275955   0.809524   0.411602
      0.47   0.247651    0.79403   0.377548
      0.48   0.222651   0.775207   0.345943
      0.49   0.194825   0.761649   0.310282
       0.5   0.178742   0.752363   0.288859
      0.51   0.175916   0.750965   0.285056
      0.52   0.171059   0.748527   0.278478
      0.53   0.169108   0.743952   0.275575
      0.54   0.165565   0.740206   0.270603
      0.55   0.159435   0.732906   0.261897
      0.56   0.153384   0.728665   0.253422
      0.57    0.14992   0.724215   0.248416
      0.58   0.143591   0.718245   0.239334
      0.59    0.13535   0.710462   0.227382
       0.6   0.127428   0.720513   0.216557
      0.61   0.122373   0.722222   0.209284
      0.62   0.106688   0.704871   0.185325
      0.63  0.0940287   0.692073   0.165563
      0.64  0.0795382   0.665541   0.142095
      0.65  0.0732882   0.643636   0.131593
      0.66  0.0666799   0.610442   0.120227
      0.67  0.0605494   0.583333   0.109711
      0.68  0.0476911   0.532663  0.0875441
      0.69  0.0406449   0.491713  0.0750834
       0.7  0.0326433   0.444444  0.0608196
      0.71  0.0255573   0.381944  0.0479089
      0.72  0.0245223   0.360294  0.0459192
      0.73   0.018949   0.294643  0.0356081
      0.74  0.0150876       0.23  0.0283176
      0.75  0.0117038   0.157303  0.0217867
      0.76 0.00549363  0.0895522  0.0103522
      0.77          0          0          0
      0.78          0          0          0
      0.79          0          0          0
       0.8          0          0          0
      0.81          0          0          0
      0.82          0          0          0
      0.83          0          0          0
      0.84          0          0          0
      0.85          0          0          0
      0.86          0          0          0
      0.87          0          0          0
      0.88          0          0          0
      0.89          0          0          0
       0.9          0          0          0
      0.91          0          0          0
      0.92          0          0          0
      0.93          0          0          0
      0.94          0          0          0
      0.95          0          0          0
      0.96          0          0          0
      0.97          0          0          0
      0.98          0          0          0
      0.99          0          0          0
