         0          1   0.193017   0.323578
      0.01     0.8528    0.20814   0.334612
      0.02     0.8528   0.211417   0.338834
      0.03     0.8528   0.214328   0.342563
      0.04     0.8528   0.218049   0.347299
      0.05     0.8528   0.220851   0.350844
      0.06    0.85098   0.225308   0.356285
      0.07   0.850616   0.231235   0.363622
      0.08   0.846551   0.243847    0.37863
      0.09   0.844973    0.25474   0.391462
       0.1   0.841211   0.272455     0.4116
      0.11   0.835143    0.29532   0.436343
      0.12   0.825193   0.317828   0.458906
      0.13   0.816941   0.348917   0.488987
      0.14   0.810691   0.367567   0.505803
      0.15   0.788969   0.393084   0.524733
      0.16   0.777198   0.408086   0.535169
      0.17   0.754141    0.42969   0.547454
      0.18   0.738244    0.44546   0.555643
      0.19   0.714823   0.479021   0.573635
       0.2    0.70111   0.522449   0.598736
      0.21   0.673017   0.578846    0.62239
      0.22   0.647534   0.627648   0.637436
      0.23   0.615739   0.649938   0.632377
      0.24    0.59153   0.698379   0.640529
      0.25   0.583702    0.74361   0.654024
      0.26   0.564286   0.796476   0.660571
      0.27   0.550755   0.844946   0.666845
      0.28   0.527031   0.876356   0.658217
      0.29   0.514593   0.888502   0.651726
       0.3     0.4865   0.916667   0.635645
      0.31   0.467629    0.93512   0.623475
      0.32   0.450033   0.955453   0.611868
      0.33   0.430981   0.970486    0.59689
      0.34   0.406347   0.972921   0.573265
      0.35   0.358716   0.985816   0.526024
      0.36   0.347916   0.984962   0.514201
      0.37   0.322432   0.983193   0.485611
      0.38   0.300649   0.981595   0.460311
      0.39   0.277168   0.982332   0.432347
       0.4   0.260118   0.981273   0.411227
      0.41   0.240155   0.979253   0.385716
      0.42   0.227413   0.977477   0.368982
      0.43   0.220254   0.975962   0.359399
      0.44   0.211456   0.979275   0.347809
      0.45   0.206723   0.978142   0.341312
      0.46   0.193678   0.974522   0.323135
      0.47   0.178387    0.97037   0.301372
      0.48   0.163036   0.975806   0.279392
      0.49   0.160124      0.975   0.275073
       0.5    0.15078   0.973684   0.261123
      0.51   0.147625   0.981818   0.256658
      0.52   0.146714   0.981651   0.255276
      0.53   0.141072   0.990476   0.246968
      0.54   0.139555   0.990291   0.244635
      0.55   0.127601          1   0.226324
      0.56   0.117469          1   0.210241
      0.57   0.114556          1   0.205564
      0.58   0.112918          1   0.202922
      0.59   0.109156          1   0.196827
       0.6   0.108549          1    0.19584
      0.61  0.0990838          1   0.180303
      0.62   0.091742          1   0.168065
      0.63  0.0900431          1    0.16521
      0.64  0.0776045          1   0.144032
      0.65  0.0695953          1   0.130134
      0.66  0.0626176          1   0.117855
      0.67  0.0533948          1   0.101377
      0.68  0.0459317          1  0.0878292
      0.69  0.0443541          1  0.0849407
       0.7  0.0387112          1  0.0745371
      0.71  0.0204478          1  0.0400761
      0.72  0.0133487          1  0.0263457
      0.73          0          0          0
      0.74          0          0          0
      0.75          0          0          0
      0.76          0          0          0
      0.77          0          0          0
      0.78          0          0          0
      0.79          0          0          0
       0.8          0          0          0
      0.81          0          0          0
      0.82          0          0          0
      0.83          0          0          0
      0.84          0          0          0
      0.85          0          0          0
      0.86          0          0          0
      0.87          0          0          0
      0.88          0          0          0
      0.89          0          0          0
       0.9          0          0          0
      0.91          0          0          0
      0.92          0          0          0
      0.93          0          0          0
      0.94          0          0          0
      0.95          0          0          0
      0.96          0          0          0
      0.97          0          0          0
      0.98          0          0          0
      0.99          0          0          0
