         0          1   0.230724    0.37494
      0.01   0.883652   0.204196   0.331734
      0.02    0.88306   0.204223   0.331728
      0.03   0.881029   0.203845   0.331087
      0.04   0.875952   0.202473   0.328917
      0.05    0.87079   0.202049   0.327993
      0.06   0.860467   0.201003   0.325881
      0.07    0.84659   0.200823   0.324637
      0.08   0.826451   0.201543   0.324059
      0.09   0.810036   0.202406   0.323883
       0.1   0.779912   0.205785   0.325646
      0.11   0.758589   0.211342   0.330584
      0.12   0.739465   0.215319   0.333522
      0.13   0.703842   0.222954   0.338639
      0.14   0.680657   0.227027   0.340487
      0.15   0.635641   0.232665   0.340643
      0.16   0.604163   0.235578   0.338979
      0.17   0.563801   0.241005   0.337669
      0.18   0.545101   0.242025   0.335215
      0.19   0.510323   0.245711    0.33171
       0.2   0.494331   0.249445   0.331574
      0.21   0.467084   0.252985   0.328206
      0.22    0.43146   0.258472   0.323279
      0.23   0.417499   0.261709   0.321737
      0.24   0.395752    0.26271    0.31579
      0.25   0.370113   0.263057   0.307534
      0.26   0.339228   0.268411   0.299693
      0.27   0.324505   0.271059   0.295384
      0.28   0.307159   0.275525   0.290483
      0.29   0.294297   0.278516   0.286189
       0.3   0.278643   0.291245   0.284805
      0.31   0.262735   0.300937   0.280542
      0.32   0.255458   0.304577   0.277863
      0.33   0.235827   0.306913   0.266715
      0.34   0.221865   0.307743   0.257841
      0.35    0.19318   0.321673   0.241392
      0.36    0.17761   0.326733   0.230126
      0.37   0.162295   0.333014   0.218233
      0.38   0.150533   0.336449   0.208002
      0.39   0.134033    0.34875   0.193644
       0.4   0.126756   0.365145   0.188185
      0.41   0.111609   0.380573   0.172601
      0.42   0.105263   0.414313   0.167875
      0.43   0.100778   0.440252   0.164013
      0.44  0.0955322   0.478149   0.159247
      0.45   0.085209   0.495413   0.145408
      0.46  0.0727704      0.532   0.128028
      0.47  0.0637164   0.541284   0.114012
      0.48  0.0550008   0.578035   0.100444
      0.49  0.0533085   0.619355  0.0981676
       0.5  0.0497546   0.659091  0.0925246
      0.51  0.0372313   0.672897  0.0705587
      0.52  0.0360467   0.686275  0.0684957
      0.53  0.0346928   0.761905  0.0663638
      0.54  0.0318159   0.780822  0.0611405
      0.55  0.0280927    0.79661  0.0542716
      0.56  0.0265696   0.788462   0.051407
      0.57  0.0242004   0.772727   0.046931
      0.58  0.0201388   0.789474  0.0392757
      0.59  0.0187003   0.787879  0.0365335
       0.6  0.0183618   0.862069  0.0359578
      0.61  0.0133694   0.857143  0.0263282
      0.62  0.0120156          1  0.0237458
      0.63 0.00905399          1  0.0179455
      0.64 0.00854629          1  0.0169477
      0.65 0.00854629          1  0.0169477
      0.66 0.00854629          1  0.0169477
      0.67 0.00820782          1   0.016282
      0.68 0.00668472          1  0.0132807
      0.69 0.00651548          1  0.0129466
       0.7 0.00651548          1  0.0129466
      0.71 0.00490777          1  0.0097676
      0.72 0.00490777          1  0.0097676
      0.73 0.00473853          1 0.00943237
      0.74 0.00372313          1 0.00741865
      0.75 0.00372313          1 0.00741865
      0.76          0          0          0
      0.77          0          0          0
      0.78          0          0          0
      0.79          0          0          0
       0.8          0          0          0
      0.81          0          0          0
      0.82          0          0          0
      0.83          0          0          0
      0.84          0          0          0
      0.85          0          0          0
      0.86          0          0          0
      0.87          0          0          0
      0.88          0          0          0
      0.89          0          0          0
       0.9          0          0          0
      0.91          0          0          0
      0.92          0          0          0
      0.93          0          0          0
      0.94          0          0          0
      0.95          0          0          0
      0.96          0          0          0
      0.97          0          0          0
      0.98          0          0          0
      0.99          0          0          0
