         0          1   0.150167   0.261123
      0.01   0.840023   0.131284   0.227079
      0.02   0.836227   0.142618   0.243676
      0.03   0.835563   0.147982   0.251434
      0.04   0.833381   0.150858   0.255471
      0.05   0.830344    0.15198   0.256933
      0.06   0.827688   0.153791   0.259386
      0.07    0.82152   0.155365   0.261312
      0.08   0.812791   0.158679   0.265521
      0.09   0.808331   0.161997   0.269903
       0.1   0.790872   0.166789   0.275481
      0.11    0.78423   0.170943     0.2807
      0.12   0.769807   0.170645   0.279362
      0.13   0.752728   0.172621   0.280838
      0.14   0.741247   0.172866   0.280352
      0.15   0.714869   0.174001   0.279879
      0.16   0.705854   0.175046   0.280524
      0.17   0.685928   0.177916   0.282545
      0.18   0.670937   0.181876   0.286176
      0.19   0.643894   0.183456   0.285554
       0.2   0.627479   0.184415   0.285053
      0.21   0.586109   0.187648   0.284281
      0.22   0.557928   0.193949   0.287838
      0.23    0.54379   0.193273   0.285186
      0.24   0.490369   0.189629   0.273495
      0.25   0.462662    0.18987   0.269246
      0.26   0.425942   0.188057   0.260917
      0.27   0.401082   0.187956   0.255962
      0.28   0.379827   0.189407   0.252768
      0.29   0.357624   0.190098   0.248242
       0.3   0.337983   0.194049   0.246546
      0.31   0.324889   0.203996   0.250626
      0.32    0.31948   0.210345   0.253672
      0.33   0.300788    0.21673   0.251932
      0.34   0.293861       0.22   0.251622
      0.35   0.281621   0.223716   0.249351
      0.36   0.268052   0.224609   0.244415
      0.37   0.243951    0.22238   0.232666
      0.38    0.24082   0.224777   0.232522
      0.39   0.230003     0.2256    0.22778
       0.4   0.214062   0.223169   0.218521
      0.41    0.20315   0.221918    0.21212
      0.42   0.185786   0.224429   0.203287
      0.43   0.183034    0.22624   0.202357
      0.44   0.168896   0.219485   0.190896
      0.45   0.151248   0.215802   0.177848
      0.46   0.146693   0.222222   0.176726
      0.47   0.144226   0.225275   0.175862
      0.48   0.138913   0.225904   0.172037
      0.49   0.134073     0.2272   0.168634
       0.5   0.118228   0.221223     0.1541
      0.51   0.105987   0.206897    0.14017
      0.52  0.0998197   0.207877   0.134875
      0.53  0.0890976   0.198992   0.123085
      0.54  0.0841636   0.195122   0.117601
      0.55  0.0668944   0.188925  0.0988043
      0.56  0.0600626   0.200743  0.0924609
      0.57  0.0527564   0.193694  0.0829262
      0.58  0.0392827   0.191489  0.0651917
      0.59  0.0328304   0.207792  0.0567021
       0.6  0.0267578   0.221374  0.0477446
      0.61  0.0259987   0.257143  0.0472228
      0.62  0.0259987   0.309524  0.0479682
      0.63  0.0253345   0.363636  0.0473688
      0.64  0.0233419   0.395833  0.0440842
      0.65  0.0189771   0.394737  0.0362133
      0.66  0.0184078        0.5  0.0355084
      0.67  0.0179334   0.565217  0.0347638
      0.68  0.0150868   0.777778  0.0295995
      0.69 0.00996299          1  0.0197294
       0.7 0.00825505          1  0.0163749
      0.71  0.0059778          1  0.0118846
      0.72          0          0          0
      0.73          0          0          0
      0.74          0          0          0
      0.75          0          0          0
      0.76          0          0          0
      0.77          0          0          0
      0.78          0          0          0
      0.79          0          0          0
       0.8          0          0          0
      0.81          0          0          0
      0.82          0          0          0
      0.83          0          0          0
      0.84          0          0          0
      0.85          0          0          0
      0.86          0          0          0
      0.87          0          0          0
      0.88          0          0          0
      0.89          0          0          0
       0.9          0          0          0
      0.91          0          0          0
      0.92          0          0          0
      0.93          0          0          0
      0.94          0          0          0
      0.95          0          0          0
      0.96          0          0          0
      0.97          0          0          0
      0.98          0          0          0
      0.99          0          0          0
