         0          1   0.418411   0.589971
      0.01   0.904013   0.422292    0.57567
      0.02   0.903665   0.422087   0.575409
      0.03    0.90338   0.424177    0.57729
      0.04   0.903063   0.428929    0.58161
      0.05   0.902842   0.437999   0.589844
      0.06   0.902431    0.45519   0.605143
      0.07   0.901829   0.466805    0.61518
      0.08   0.899962   0.486152   0.631288
      0.09   0.899202   0.498089   0.641073
       0.1   0.896702   0.511387   0.651325
      0.11   0.893031   0.520865   0.657967
      0.12   0.891037   0.526659   0.662022
      0.13   0.888885   0.534735    0.66776
      0.14   0.885721   0.539176   0.670307
      0.15   0.882493   0.547624   0.675853
      0.16   0.876701   0.552502   0.677831
      0.17   0.869169   0.556595   0.678619
      0.18   0.865245   0.560031   0.679958
      0.19   0.854959   0.565365   0.680639
       0.2   0.847364   0.572244   0.683145
      0.21   0.834483   0.586106   0.688581
      0.22   0.816476   0.608473   0.697293
      0.23   0.805146   0.633463    0.70906
      0.24   0.782993   0.668191   0.721051
      0.25   0.770334   0.697837   0.732295
      0.26   0.751851   0.733781   0.742706
      0.27   0.737863   0.748705   0.743244
      0.28   0.713653   0.769351   0.740456
      0.29   0.695107   0.780811   0.735471
       0.3   0.672448   0.796949   0.729424
      0.31   0.643965   0.809309   0.717231
      0.32   0.625704   0.824137   0.711341
      0.33   0.598329   0.857035   0.704688
      0.34   0.584594   0.868455   0.698798
      0.35   0.563042   0.880044   0.686725
      0.36   0.551491   0.886218   0.679889
      0.37   0.532724   0.914039   0.673131
      0.38   0.521425   0.927692   0.667609
      0.39   0.496171   0.933333   0.647907
       0.4   0.480822   0.936783   0.635474
      0.41    0.46734    0.94042    0.62439
      0.42   0.459554   0.943462   0.618057
      0.43   0.454111   0.945783   0.613604
      0.44   0.441642   0.950568   0.603085
      0.45    0.43335   0.951848   0.595559
      0.46   0.425407   0.958767   0.589328
      0.47   0.419014   0.960063   0.583404
      0.48   0.407716   0.968699   0.573888
      0.49   0.399867   0.975437   0.567213
       0.5   0.386259   0.984881   0.554894
      0.51   0.367998   0.991803   0.536816
      0.52   0.357396   0.992951   0.525608
      0.53   0.338977   0.995027   0.505683
      0.54   0.327014   0.997916   0.492604
      0.55   0.313184          1   0.476985
      0.56   0.300051          1   0.461598
      0.57   0.276853          1   0.433649
      0.58   0.264795          1   0.418716
      0.59   0.242737          1   0.390649
       0.6   0.231439          1   0.375883
      0.61   0.208399          1   0.344918
      0.62   0.189569          1   0.318719
      0.63   0.174884          1   0.297705
      0.64   0.162447          1   0.279491
      0.65    0.14849          1   0.258584
      0.66   0.111083          1   0.199954
      0.67  0.0915564          1   0.167754
      0.68  0.0651624          1   0.122352
      0.69  0.0571239          1   0.108074
       0.7  0.0487056          1  0.0928871
      0.71  0.0374707          1  0.0722348
      0.72  0.0314577          1  0.0609966
      0.73  0.0193367          1  0.0379397
      0.74   0.017691          1  0.0347669
      0.75   0.012121          1  0.0239517
      0.76  0.0101589          1  0.0201134
      0.77 0.00765871          1   0.015201
      0.78 0.00765871          1   0.015201
      0.79 0.00566492          1   0.011266
       0.8          0          0          0
      0.81          0          0          0
      0.82          0          0          0
      0.83          0          0          0
      0.84          0          0          0
      0.85          0          0          0
      0.86          0          0          0
      0.87          0          0          0
      0.88          0          0          0
      0.89          0          0          0
       0.9          0          0          0
      0.91          0          0          0
      0.92          0          0          0
      0.93          0          0          0
      0.94          0          0          0
      0.95          0          0          0
      0.96          0          0          0
      0.97          0          0          0
      0.98          0          0          0
      0.99          0          0          0
