         0          1   0.176689   0.300316
      0.01   0.923975   0.163833   0.278317
      0.02   0.923975   0.163833   0.278317
      0.03   0.923975   0.163832   0.278315
      0.04   0.923892   0.164305   0.278994
      0.05   0.923564   0.164941   0.279894
      0.06   0.923071   0.167292   0.283249
      0.07   0.921509   0.169724   0.286652
      0.08   0.917728   0.176116   0.295521
      0.09   0.914441   0.179497   0.300089
       0.1   0.910085   0.185077   0.307599
      0.11   0.899318   0.190726   0.314709
      0.12   0.891674   0.196665   0.322255
      0.13    0.88362   0.204784   0.332508
      0.14   0.873099   0.212218   0.341443
      0.15   0.858059   0.223859   0.355081
      0.16   0.841292   0.230032   0.361281
      0.17   0.816389    0.24265   0.374107
      0.18   0.792718   0.249644    0.37971
      0.19   0.758938   0.263267   0.390926
       0.2   0.735843   0.271673   0.396835
      0.21   0.693762    0.29013   0.409153
      0.22   0.661461   0.311258   0.423319
      0.23   0.639763   0.321694   0.428117
      0.24   0.606066   0.345004   0.439705
      0.25   0.577464   0.359424   0.443072
      0.26   0.549766   0.382787   0.451327
      0.27   0.522314    0.39738   0.451361
      0.28   0.492151   0.413249   0.449262
      0.29   0.466179   0.426961   0.445709
       0.3   0.437084   0.454851   0.445791
      0.31   0.410701    0.47619   0.441028
      0.32    0.38851   0.491052   0.433804
      0.33   0.361634   0.511457    0.42369
      0.34   0.337552   0.533937   0.413618
      0.35   0.302786   0.572038   0.395977
      0.36   0.282321   0.598142   0.383589
      0.37   0.261116   0.631788   0.369513
      0.38   0.242048   0.665198   0.354942
      0.39   0.224706   0.711604   0.341557
       0.4   0.218131   0.738318   0.336767
      0.41   0.191419   0.746237   0.304684
      0.42   0.166927   0.776382   0.274775
      0.43   0.150325   0.789916   0.252582
      0.44   0.120654   0.791946   0.209405
      0.45     0.1066   0.823077   0.188753
      0.46  0.0835868   0.839024   0.152028
      0.47  0.0688748   0.835165   0.127255
      0.48  0.0613134   0.867925   0.114536
      0.49  0.0574505   0.888889   0.107926
       0.5  0.0511219   0.914729  0.0968321
      0.51  0.0490671   0.954545  0.0933365
      0.52  0.0478343          1  0.0913013
      0.53  0.0403551          1  0.0775794
      0.54   0.034684          1  0.0670427
      0.55  0.0259719          1  0.0506289
      0.56  0.0208761          1  0.0408985
      0.57  0.0161091          1  0.0317075
      0.58  0.0133147          1  0.0262795
      0.59 0.00912304          1  0.0180811
       0.6          0          0          0
      0.61          0          0          0
      0.62          0          0          0
      0.63          0          0          0
      0.64          0          0          0
      0.65          0          0          0
      0.66          0          0          0
      0.67          0          0          0
      0.68          0          0          0
      0.69          0          0          0
       0.7          0          0          0
      0.71          0          0          0
      0.72          0          0          0
      0.73          0          0          0
      0.74          0          0          0
      0.75          0          0          0
      0.76          0          0          0
      0.77          0          0          0
      0.78          0          0          0
      0.79          0          0          0
       0.8          0          0          0
      0.81          0          0          0
      0.82          0          0          0
      0.83          0          0          0
      0.84          0          0          0
      0.85          0          0          0
      0.86          0          0          0
      0.87          0          0          0
      0.88          0          0          0
      0.89          0          0          0
       0.9          0          0          0
      0.91          0          0          0
      0.92          0          0          0
      0.93          0          0          0
      0.94          0          0          0
      0.95          0          0          0
      0.96          0          0          0
      0.97          0          0          0
      0.98          0          0          0
      0.99          0          0          0
