         0          1    0.32957   0.495755
      0.01   0.913965   0.346371   0.502359
      0.02   0.913965   0.351654   0.507893
      0.03   0.913965   0.358792   0.515296
      0.04   0.913965     0.3705   0.527261
      0.05   0.913965   0.378962   0.535773
      0.06   0.911965   0.392336   0.548641
      0.07   0.910603   0.399582   0.555434
      0.08   0.906178   0.408077   0.562738
      0.09   0.902859   0.415547   0.569142
       0.1   0.894137   0.432738   0.583215
      0.11   0.890818    0.45429   0.601721
      0.12   0.885116   0.471413   0.615181
      0.13   0.875245   0.501786   0.637873
      0.14   0.867713    0.52007   0.650349
      0.15   0.859331   0.554563     0.6741
      0.16   0.853885    0.57813   0.689457
      0.17    0.83061    0.60823   0.702235
      0.18   0.820909   0.625269   0.709856
      0.19   0.808144   0.654722   0.723388
       0.2   0.797081   0.670147   0.728124
      0.21   0.770828   0.692597   0.729621
      0.22   0.742745   0.703864   0.722782
      0.23   0.722619   0.711485   0.717009
      0.24   0.689431    0.71974   0.704259
      0.25   0.675857   0.725169   0.699646
      0.26   0.648115   0.735009   0.688833
      0.27   0.628585   0.745466   0.682054
      0.28   0.604374   0.752472   0.670341
      0.29   0.592801   0.759318   0.665806
       0.3   0.569739   0.772453   0.655788
      0.31   0.555442   0.784744   0.650477
      0.32   0.546422   0.796173   0.648068
      0.33   0.533274   0.809418   0.642949
      0.34   0.520892   0.816752   0.636103
      0.35   0.503702   0.825765   0.625724
      0.36   0.483193   0.828527   0.610402
      0.37   0.462088   0.833242   0.594491
      0.38   0.438048   0.834582   0.574538
      0.39   0.408391   0.838951    0.54936
       0.4   0.377457   0.840475   0.520954
      0.41   0.343971   0.841768   0.488377
      0.42   0.315122   0.842186   0.458636
      0.43   0.298783   0.842928   0.441184
      0.44   0.274019   0.846855    0.41406
      0.45   0.244405   0.851043   0.379751
      0.46   0.223513   0.868192   0.355503
      0.47   0.216833   0.879725   0.347913
      0.48   0.197856   0.889988    0.32374
      0.49   0.194452   0.896419    0.31958
       0.5   0.179176   0.904432   0.299098
      0.51   0.173943   0.921805   0.292661
      0.52   0.168922   0.929936   0.285909
      0.53   0.150583   0.928943   0.259156
      0.54   0.143392   0.930783   0.248501
      0.55   0.132712   0.931174   0.232314
      0.56   0.126415   0.932462   0.222645
      0.57   0.113522      0.945   0.202695
      0.58   0.104927   0.953168   0.189044
      0.59  0.0981619   0.958861   0.178092
       0.6  0.0896519    0.98155   0.164297
      0.61  0.0807591   0.991416   0.149352
      0.62  0.0736108   0.990099   0.137034
      0.63  0.0684623          1   0.128151
      0.64  0.0541231          1   0.102688
      0.65  0.0477406          1  0.0911306
      0.66  0.0377415          1  0.0727377
      0.67  0.0279551          1  0.0543897
      0.68  0.0229768          1  0.0449214
      0.69  0.0210195          1  0.0411735
       0.7  0.0137861          1  0.0271972
      0.71 0.00319122          1 0.00636213
      0.72 0.00208493          1 0.00416118
      0.73          0          0          0
      0.74          0          0          0
      0.75          0          0          0
      0.76          0          0          0
      0.77          0          0          0
      0.78          0          0          0
      0.79          0          0          0
       0.8          0          0          0
      0.81          0          0          0
      0.82          0          0          0
      0.83          0          0          0
      0.84          0          0          0
      0.85          0          0          0
      0.86          0          0          0
      0.87          0          0          0
      0.88          0          0          0
      0.89          0          0          0
       0.9          0          0          0
      0.91          0          0          0
      0.92          0          0          0
      0.93          0          0          0
      0.94          0          0          0
      0.95          0          0          0
      0.96          0          0          0
      0.97          0          0          0
      0.98          0          0          0
      0.99          0          0          0
