         0          1   0.256164   0.407851
      0.01   0.912943   0.256639    0.40065
      0.02   0.912943    0.25906   0.403594
      0.03   0.912943   0.264892   0.410636
      0.04   0.912943   0.274746   0.422379
      0.05   0.912943   0.281776   0.430638
      0.06   0.906849   0.299115   0.449851
      0.07    0.90592   0.315004   0.467463
      0.08   0.904353   0.343255    0.49763
      0.09   0.903889   0.364338   0.519341
       0.1   0.900929   0.395752   0.549934
      0.11   0.894893   0.427221   0.578342
      0.12     0.8935   0.448528   0.597245
      0.13   0.890133   0.477429   0.621508
      0.14   0.887115   0.496757    0.63688
      0.15   0.881021   0.517379   0.651919
      0.16   0.875972   0.530151   0.660536
      0.17   0.863842   0.546034   0.669119
      0.18   0.850493   0.556061    0.67246
      0.19   0.831167   0.569313    0.67576
       0.2     0.8213   0.580471   0.680198
      0.21   0.804121   0.598807   0.686441
      0.22    0.78816   0.614665   0.690684
      0.23   0.778178   0.628092   0.695126
      0.24    0.75473     0.6407   0.693056
      0.25   0.737261   0.650212   0.691006
      0.26   0.714684   0.668171   0.690645
      0.27   0.700348   0.679834   0.689939
      0.28   0.676378   0.698119   0.687077
      0.29   0.669414   0.708143   0.688234
       0.3   0.650203   0.720325    0.68347
      0.31   0.619791    0.71902   0.665728
      0.32   0.587115   0.719323    0.64653
      0.33   0.562391   0.721782   0.632195
      0.34   0.549216   0.725775   0.625271
      0.35   0.496169   0.720087   0.587516
      0.36   0.468485   0.723227   0.568629
      0.37   0.435055   0.722668   0.543136
      0.38   0.422577   0.727273   0.534555
      0.39   0.392455   0.739501   0.512778
       0.4   0.376843   0.743331   0.500135
      0.41   0.356239   0.750628   0.483171
      0.42   0.342716   0.762097   0.472809
      0.43    0.33343   0.764747   0.464387
      0.44   0.311317   0.770865   0.443518
      0.45   0.295009    0.77161   0.426829
      0.46   0.282879   0.786498   0.416099
      0.47   0.276436    0.79823   0.410657
      0.48   0.260998   0.809031   0.394673
      0.49   0.253221   0.812317   0.386088
       0.5   0.248868   0.832298   0.383165
      0.51   0.243645   0.841649   0.377895
      0.52   0.239872   0.847098   0.373875
      0.53   0.231109   0.859801   0.364297
      0.54   0.228729   0.878906   0.362992
      0.55   0.220894   0.900141   0.354736
      0.56   0.216483   0.913562   0.350022
      0.57   0.205398   0.951342   0.337852
      0.58   0.198433   0.963964   0.329117
      0.59   0.183981   0.965932    0.30909
       0.6   0.166222   0.964758   0.283584
      0.61   0.151538   0.966752   0.262007
      0.62   0.115032   0.968847   0.205647
      0.63  0.0975624    0.96337   0.177181
      0.64  0.0828787   0.960177   0.152587
      0.65  0.0792223   0.956731   0.146328
      0.66  0.0604759   0.947977   0.113698
      0.67  0.0528149    0.94375   0.100032
      0.68  0.0466048   0.931298  0.0887674
      0.69  0.0386535   0.916667  0.0741791
       0.7  0.0335461   0.916667  0.0647237
      0.71   0.019733   0.851064  0.0385717
      0.72  0.0161927   0.837838  0.0317713
      0.73 0.00330818   0.285714 0.00654064
      0.74 0.00266976        0.2 0.00526919
      0.75          0          0          0
      0.76          0          0          0
      0.77          0          0          0
      0.78          0          0          0
      0.79          0          0          0
       0.8          0          0          0
      0.81          0          0          0
      0.82          0          0          0
      0.83          0          0          0
      0.84          0          0          0
      0.85          0          0          0
      0.86          0          0          0
      0.87          0          0          0
      0.88          0          0          0
      0.89          0          0          0
       0.9          0          0          0
      0.91          0          0          0
      0.92          0          0          0
      0.93          0          0          0
      0.94          0          0          0
      0.95          0          0          0
      0.96          0          0          0
      0.97          0          0          0
      0.98          0          0          0
      0.99          0          0          0
