         0          1   0.310743   0.474148
      0.01   0.904304    0.33583   0.489774
      0.02   0.904304      0.336   0.489954
      0.03   0.904304    0.33998   0.494172
      0.04   0.904304    0.37745   0.532597
      0.05   0.904263   0.381098   0.536212
      0.06   0.904183   0.385026   0.540073
      0.07   0.903862   0.389157   0.544066
      0.08   0.901656   0.395368   0.549698
      0.09   0.898809   0.400751   0.554339
       0.1    0.89568   0.407479   0.560133
      0.11   0.888782   0.415219    0.56601
      0.12   0.883969     0.4216    0.57091
      0.13   0.875627   0.431477   0.578091
      0.14    0.86933   0.439438   0.583781
      0.15   0.861389   0.454598   0.595121
      0.16   0.855693   0.469252   0.606117
      0.17   0.844985   0.490203   0.620458
      0.18   0.840132   0.504151   0.630155
      0.19   0.827899   0.525959    0.64326
       0.2      0.821   0.544495   0.654752
      0.21    0.81346   0.570606   0.670727
      0.22   0.802711   0.598614     0.6858
      0.23   0.790839   0.618434   0.694091
      0.24   0.774756   0.645347   0.704156
      0.25   0.766975   0.666391   0.713154
      0.26   0.750932   0.694855   0.721806
      0.27   0.742229   0.716698    0.72924
      0.28   0.725625   0.737001   0.731269
      0.29   0.711387   0.746648   0.728591
       0.3   0.690009   0.765828   0.725944
      0.31   0.666386   0.784717   0.720727
      0.32   0.650022   0.797914   0.716415
      0.33   0.621265   0.811127   0.703613
      0.34   0.601813    0.81956   0.694008
      0.35   0.580275   0.830052   0.683045
      0.36   0.564553   0.842477   0.676066
      0.37    0.54101   0.845886   0.659938
      0.38   0.526611   0.853261   0.651273
      0.39   0.508563   0.861469   0.639564
       0.4   0.493763   0.873069   0.630786
      0.41   0.480247   0.882734   0.622063
      0.42   0.459712   0.892081    0.60675
      0.43   0.446436   0.893582   0.595406
      0.44    0.43288   0.897698     0.5841
      0.45   0.417519   0.898927     0.5702
      0.46   0.399992   0.898453   0.553545
      0.47    0.38431   0.894791   0.537686
      0.48   0.349737   0.888255   0.501871
      0.49   0.332571   0.882353   0.483068
       0.5   0.292985   0.876526   0.439174
      0.51   0.271568    0.86931   0.413851
      0.52   0.261501   0.866044   0.401707
      0.53   0.237958    0.85913    0.37269
      0.54   0.219909   0.850662   0.349474
      0.55   0.190591   0.842672   0.310871
      0.56   0.180043   0.829439   0.295863
      0.57   0.158826   0.811024   0.265632
      0.58    0.14551   0.795977   0.246042
      0.59   0.125617    0.77592   0.216227
       0.6   0.110937    0.76834   0.193881
      0.61  0.0946537   0.764423   0.168449
      0.62  0.0778486   0.757764   0.141192
      0.63  0.0598404   0.738806   0.110713
      0.64  0.0482493   0.771429  0.0908183
      0.65  0.0421129   0.791209  0.0799693
      0.66  0.0384631   0.851351   0.073601
      0.67  0.0334898   0.909091  0.0645997
      0.68  0.0270324          1  0.0526419
      0.69  0.0228613          1  0.0447006
       0.7  0.0206554          1  0.0404747
      0.71  0.0112301          1  0.0222108
      0.72 0.00994666          1  0.0196974
      0.73 0.00328881          1 0.00655607
      0.74 0.00228613          1 0.00456182
      0.75          0          0          0
      0.76          0          0          0
      0.77          0          0          0
      0.78          0          0          0
      0.79          0          0          0
       0.8          0          0          0
      0.81          0          0          0
      0.82          0          0          0
      0.83          0          0          0
      0.84          0          0          0
      0.85          0          0          0
      0.86          0          0          0
      0.87          0          0          0
      0.88          0          0          0
      0.89          0          0          0
       0.9          0          0          0
      0.91          0          0          0
      0.92          0          0          0
      0.93          0          0          0
      0.94          0          0          0
      0.95          0          0          0
      0.96          0          0          0
      0.97          0          0          0
      0.98          0          0          0
      0.99          0          0          0
