         0          1   0.172013   0.293534
      0.01   0.904618   0.170805   0.287353
      0.02   0.904618   0.170972   0.287589
      0.03   0.904618    0.17194   0.288958
      0.04   0.904618   0.176252   0.295023
      0.05   0.904618    0.18121   0.301937
      0.06   0.904475   0.193002   0.318121
      0.07   0.904475   0.203802    0.33265
      0.08   0.900818   0.222046   0.356274
      0.09   0.897088   0.237472   0.375535
       0.1   0.893144   0.265896   0.409793
      0.11   0.887407   0.299671   0.448041
      0.12   0.884753    0.32162   0.471752
      0.13   0.871414   0.354006   0.503478
      0.14   0.856641   0.378319   0.524849
      0.15   0.838067   0.407854   0.548685
      0.16   0.821213   0.423388    0.55872
      0.17   0.789228   0.451636   0.574509
      0.18   0.780694    0.47127   0.587745
      0.19   0.752295   0.500564    0.60114
       0.2   0.736733   0.514303   0.605744
      0.21   0.717513   0.534412   0.612572
      0.22   0.696213   0.545486   0.611701
      0.23   0.680077   0.556863   0.612333
      0.24   0.661431   0.575838   0.615674
      0.25   0.637622       0.59   0.612887
      0.26   0.619693   0.610468   0.615046
      0.27   0.602553   0.619893     0.6111
      0.28   0.590505   0.634705   0.611808
      0.29    0.58613   0.646518   0.614845
       0.3   0.569134   0.652707   0.608062
      0.31   0.549197   0.655844   0.597801
      0.32   0.533133   0.656233   0.588312
      0.33   0.517212   0.655516   0.578209
      0.34   0.502151   0.650938   0.566945
      0.35   0.475832   0.643041   0.546942
      0.36   0.452166   0.631081   0.526848
      0.37   0.415519   0.614275   0.495717
      0.38   0.398308   0.606792   0.480927
      0.39   0.383462   0.602848   0.468756
       0.4   0.357501   0.596154   0.446966
      0.41   0.336632   0.589333   0.428501
      0.42   0.318417   0.572243   0.409161
      0.43   0.299484   0.562874   0.390955
      0.44   0.275172   0.543223     0.3653
      0.45   0.256096    0.53473   0.346327
      0.46   0.241322   0.521487   0.329955
      0.47    0.22741   0.504274    0.31346
      0.48   0.205178   0.490298   0.289293
      0.49   0.193847   0.483651   0.276766
       0.5    0.18101   0.500778   0.265906
      0.51   0.162507    0.51083   0.246573
      0.52   0.156268   0.512621    0.23952
      0.53   0.136403   0.592992   0.221789
      0.54   0.120554   0.658088   0.203778
      0.55   0.101621   0.806283   0.180493
      0.56  0.0940906   0.887417   0.170142
      0.57  0.0691337   0.864865   0.128033
      0.58  0.0615318   0.850575   0.114762
      0.59  0.0232358      0.725  0.0450285
       0.6  0.0200803   0.677419  0.0390045
      0.61 0.00717154   0.363636  0.0140657
      0.62          0          0          0
      0.63          0          0          0
      0.64          0          0          0
      0.65          0          0          0
      0.66          0          0          0
      0.67          0          0          0
      0.68          0          0          0
      0.69          0          0          0
       0.7          0          0          0
      0.71          0          0          0
      0.72          0          0          0
      0.73          0          0          0
      0.74          0          0          0
      0.75          0          0          0
      0.76          0          0          0
      0.77          0          0          0
      0.78          0          0          0
      0.79          0          0          0
       0.8          0          0          0
      0.81          0          0          0
      0.82          0          0          0
      0.83          0          0          0
      0.84          0          0          0
      0.85          0          0          0
      0.86          0          0          0
      0.87          0          0          0
      0.88          0          0          0
      0.89          0          0          0
       0.9          0          0          0
      0.91          0          0          0
      0.92          0          0          0
      0.93          0          0          0
      0.94          0          0          0
      0.95          0          0          0
      0.96          0          0          0
      0.97          0          0          0
      0.98          0          0          0
      0.99          0          0          0
