         0          1   0.391539   0.562742
      0.01   0.868587   0.393314   0.541449
      0.02   0.868587   0.394682   0.542744
      0.03   0.868587   0.396967     0.5449
      0.04   0.867781      0.404   0.551327
      0.05   0.863786   0.407839   0.554072
      0.06    0.85867   0.412918   0.557665
      0.07   0.851871   0.417836   0.560668
      0.08   0.843776    0.42369   0.564117
      0.09   0.833263   0.424352   0.562329
       0.1   0.809644   0.429308   0.561097
      0.11   0.779296   0.435303   0.558588
      0.12   0.763317   0.437695   0.556364
      0.13   0.735212   0.447884   0.556658
      0.14   0.707773   0.451171   0.551065
      0.15   0.680334   0.460571   0.549287
      0.16   0.658256    0.46788   0.546976
      0.17   0.628084   0.481644   0.545202
      0.18   0.615188   0.493071   0.547402
      0.19   0.595073   0.507518   0.547819
       0.2   0.582703   0.520055   0.549599
      0.21   0.561676   0.541214   0.551255
      0.22   0.534237   0.562238    0.54788
      0.23   0.520045   0.580219   0.548487
      0.24   0.493797   0.608863   0.545327
      0.25   0.482373   0.624706    0.54439
      0.26   0.452726   0.656946   0.536044
      0.27   0.439445   0.674614   0.532208
      0.28   0.420627   0.700778   0.525708
      0.29    0.40321   0.719548   0.516815
       0.3   0.386039   0.762131   0.512489
      0.31   0.365538   0.790673   0.499945
      0.32   0.351416   0.811718   0.490486
      0.33   0.331476   0.840881   0.475507
      0.34   0.311256   0.857438    0.45672
      0.35    0.29023   0.882215   0.436771
      0.36   0.279156   0.910397   0.427291
      0.37   0.264718   0.923721   0.411507
      0.38   0.248318    0.93002   0.391977
      0.39   0.235632   0.941243   0.376909
       0.4   0.225294   0.946012    0.36392
      0.41   0.217024   0.962656   0.354197
      0.42   0.196769   0.976038   0.327512
      0.43   0.186116   0.987633   0.313209
      0.44   0.168734   0.992048   0.288413
      0.45    0.15752   0.997835   0.272088
      0.46   0.147007          1   0.256332
      0.47   0.136459          1   0.240148
      0.48   0.126927          1   0.225263
      0.49   0.120059          1    0.21438
       0.5   0.106637          1   0.192723
      0.51  0.0979815          1   0.178476
      0.52  0.0946874          1   0.172994
      0.53  0.0891155          1   0.163647
      0.54  0.0788478          1    0.14617
      0.55  0.0725399          1   0.135268
      0.56   0.067739          1   0.126883
      0.57  0.0600294          1    0.11326
      0.58  0.0545627          1   0.103479
      0.59  0.0516541          1  0.0982339
       0.6  0.0480446          1  0.0916842
      0.61   0.041912          1   0.080452
      0.62  0.0270535          1  0.0526819
      0.63  0.0206056          1  0.0403791
      0.64  0.0118096          1  0.0233436
      0.65 0.00777965          1  0.0154392
      0.66 0.00438043          1 0.00872265
      0.67 0.00438043          1 0.00872265
      0.68 0.00248809          1 0.00496382
      0.69 0.00199748          1 0.00398699
       0.7          0          0          0
      0.71          0          0          0
      0.72          0          0          0
      0.73          0          0          0
      0.74          0          0          0
      0.75          0          0          0
      0.76          0          0          0
      0.77          0          0          0
      0.78          0          0          0
      0.79          0          0          0
       0.8          0          0          0
      0.81          0          0          0
      0.82          0          0          0
      0.83          0          0          0
      0.84          0          0          0
      0.85          0          0          0
      0.86          0          0          0
      0.87          0          0          0
      0.88          0          0          0
      0.89          0          0          0
       0.9          0          0          0
      0.91          0          0          0
      0.92          0          0          0
      0.93          0          0          0
      0.94          0          0          0
      0.95          0          0          0
      0.96          0          0          0
      0.97          0          0          0
      0.98          0          0          0
      0.99          0          0          0
