         0          1   0.205491   0.340925
      0.01    0.92434   0.222889    0.35917
      0.02    0.92434   0.223112    0.35946
      0.03    0.92434   0.223916   0.360502
      0.04   0.923673   0.226759   0.364127
      0.05    0.92284   0.231029   0.369544
      0.06   0.920423   0.242566   0.383947
      0.07   0.919507    0.25391   0.397935
      0.08    0.91409   0.276007   0.423992
      0.09   0.908424   0.295646   0.446107
       0.1   0.898008   0.327563   0.480028
      0.11    0.87426   0.364832   0.514825
      0.12   0.864011   0.392713   0.539988
      0.13   0.843096   0.442171   0.580101
      0.14   0.828431   0.482892   0.610136
      0.15     0.8001   0.554028   0.654706
      0.16   0.773852   0.592538   0.671165
      0.17   0.726523   0.670692   0.697492
      0.18   0.689943   0.748473   0.718017
      0.19   0.639447   0.824055   0.720107
       0.2   0.607699   0.868028   0.714902
      0.21   0.550954    0.90682   0.685451
      0.22   0.494959   0.942757   0.649121
      0.23   0.461128   0.953428   0.621612
      0.24   0.396634   0.964119   0.562045
      0.25   0.364803   0.968586   0.529992
      0.26   0.318307   0.973029   0.479692
      0.27   0.275727   0.980392   0.430406
      0.28   0.232064   0.983974   0.375556
      0.29   0.187818   0.991903   0.315832
       0.3   0.143738          1   0.251348
      0.31   0.101325          1   0.184005
      0.32  0.0871594          1   0.160343
      0.33  0.0721607          1   0.134608
      0.34  0.0573286          1    0.10844
      0.35  0.0496625          1  0.0946257
      0.36  0.0475794          1  0.0908368
      0.37  0.0440797          1  0.0844374
      0.38  0.0430797          1  0.0826011
      0.39  0.0397467          1  0.0764546
       0.4  0.0397467          1  0.0764546
      0.41  0.0368303          1   0.071044
      0.42  0.0309141          1  0.0599741
      0.43  0.0309141          1  0.0599741
      0.44  0.0298308          1  0.0579335
      0.45  0.0294142          1  0.0571475
      0.46   0.028081          1   0.054628
      0.47   0.028081          1   0.054628
      0.48  0.0270811          1  0.0527341
      0.49  0.0259145          1  0.0505198
       0.5  0.0257479          1  0.0502031
      0.51  0.0253312          1  0.0494108
      0.52  0.0243313          1  0.0475067
      0.53  0.0238313          1  0.0465533
      0.54  0.0238313          1  0.0465533
      0.55  0.0225815          1  0.0441656
      0.56   0.019915          1  0.0390523
      0.57  0.0186651          1  0.0366462
      0.58  0.0183318          1  0.0360036
      0.59  0.0177485          1   0.034878
       0.6   0.016082          1  0.0316549
      0.61  0.0144988          1  0.0285832
      0.62  0.0144988          1  0.0285832
      0.63  0.0139988          1  0.0276111
      0.64  0.0114157          1  0.0225737
      0.65  0.0103325          1  0.0204536
      0.66 0.00983251          1  0.0194736
      0.67 0.00624948          1  0.0124213
      0.68 0.00266644          1 0.00531871
      0.69          0          0          0
       0.7          0          0          0
      0.71          0          0          0
      0.72          0          0          0
      0.73          0          0          0
      0.74          0          0          0
      0.75          0          0          0
      0.76          0          0          0
      0.77          0          0          0
      0.78          0          0          0
      0.79          0          0          0
       0.8          0          0          0
      0.81          0          0          0
      0.82          0          0          0
      0.83          0          0          0
      0.84          0          0          0
      0.85          0          0          0
      0.86          0          0          0
      0.87          0          0          0
      0.88          0          0          0
      0.89          0          0          0
       0.9          0          0          0
      0.91          0          0          0
      0.92          0          0          0
      0.93          0          0          0
      0.94          0          0          0
      0.95          0          0          0
      0.96          0          0          0
      0.97          0          0          0
      0.98          0          0          0
      0.99          0          0          0
