         0          1   0.374026   0.544424
      0.01   0.859322   0.345626   0.492974
      0.02   0.841268   0.353443   0.497761
      0.03   0.836442   0.359487   0.502856
      0.04   0.828934   0.359844   0.501838
      0.05   0.820711   0.359888   0.500363
      0.06   0.805458   0.361365     0.4989
      0.07   0.801108   0.363989    0.50055
      0.08   0.790443   0.366911   0.501182
      0.09   0.784127   0.371248   0.503915
       0.1   0.772806   0.377033   0.506807
      0.11    0.75499   0.385672   0.510543
      0.12   0.747304    0.39275   0.514894
      0.13   0.739796   0.406537   0.524725
      0.14   0.730859    0.41505   0.529437
      0.15   0.719836   0.426593    0.53571
      0.16     0.7106   0.436224    0.54059
      0.17   0.687839    0.44554   0.540789
      0.18   0.676816    0.45469    0.54395
      0.19   0.648156   0.470664   0.545331
       0.2     0.6304   0.481346   0.545881
      0.21     0.6074    0.49725   0.546833
      0.22   0.575463   0.515336   0.543743
      0.23   0.556516   0.523425   0.539463
      0.24   0.524161   0.544796   0.534279
      0.25   0.502413    0.55653   0.528089
      0.26   0.473813   0.571014   0.517892
      0.27   0.452958   0.584218   0.510282
      0.28   0.423524   0.600065    0.49657
      0.29   0.399392   0.615168   0.484334
       0.3   0.364774   0.638402    0.46427
      0.31   0.335637   0.661495   0.445322
      0.32   0.304058   0.679508   0.420124
      0.33   0.270929   0.713269   0.392696
      0.34   0.242805   0.726935   0.364022
      0.35   0.220282   0.772277   0.342789
      0.36   0.205803   0.789047   0.326458
      0.37   0.180301       0.82   0.295605
      0.38    0.16052   0.848485   0.269966
      0.39   0.141274   0.878307   0.243398
       0.4   0.127867   0.897384    0.22384
      0.41   0.116308   0.925234    0.20664
      0.42   0.109933   0.950649   0.197076
      0.43    0.10177    0.96338   0.184092
      0.44  0.0951558   0.966463   0.173253
      0.45   0.086814   0.977124   0.159461
      0.46  0.0788298   0.985915   0.145987
      0.47  0.0781743    0.98917   0.144897
      0.48  0.0743014          1   0.138325
      0.49   0.071918          1   0.134186
       0.5  0.0692367          1   0.129507
      0.51  0.0658404          1   0.123547
      0.52  0.0648871          1   0.121867
      0.53  0.0621462          1    0.11702
      0.54  0.0605374          1   0.114164
      0.55  0.0576774          1   0.109064
      0.56  0.0523148          1  0.0994281
      0.57  0.0415897          1  0.0798581
      0.58   0.038968          1  0.0750129
      0.59   0.033665          1  0.0651372
       0.6  0.0272895          1  0.0531292
      0.61  0.0197819          1  0.0387964
      0.62  0.0117381          1  0.0232038
      0.63 0.00667342          1  0.0132584
      0.64 0.00387297          1 0.00771605
      0.65          0          0          0
      0.66          0          0          0
      0.67          0          0          0
      0.68          0          0          0
      0.69          0          0          0
       0.7          0          0          0
      0.71          0          0          0
      0.72          0          0          0
      0.73          0          0          0
      0.74          0          0          0
      0.75          0          0          0
      0.76          0          0          0
      0.77          0          0          0
      0.78          0          0          0
      0.79          0          0          0
       0.8          0          0          0
      0.81          0          0          0
      0.82          0          0          0
      0.83          0          0          0
      0.84          0          0          0
      0.85          0          0          0
      0.86          0          0          0
      0.87          0          0          0
      0.88          0          0          0
      0.89          0          0          0
       0.9          0          0          0
      0.91          0          0          0
      0.92          0          0          0
      0.93          0          0          0
      0.94          0          0          0
      0.95          0          0          0
      0.96          0          0          0
      0.97          0          0          0
      0.98          0          0          0
      0.99          0          0          0
