         0          1   0.176767   0.300428
      0.01   0.946276   0.145737   0.252575
      0.02   0.946276   0.152902   0.263265
      0.03   0.946187   0.165814   0.282178
      0.04   0.946187   0.186811   0.312019
      0.05   0.946187   0.196225   0.325041
      0.06   0.945741   0.207398   0.340192
      0.07   0.944938   0.214995    0.35029
      0.08   0.944492   0.225683   0.364314
      0.09   0.939494   0.232267   0.372454
       0.1    0.93936   0.243189   0.386355
      0.11    0.93878   0.254588   0.400551
      0.12   0.938557    0.26257   0.410343
      0.13   0.938423   0.273198   0.423194
      0.14   0.938423   0.280504   0.431906
      0.15   0.938022   0.292051   0.445421
      0.16   0.938022   0.301274   0.456068
      0.17   0.921869   0.312965   0.467289
      0.18   0.896301   0.321236   0.472961
      0.19   0.889385   0.336324   0.488079
       0.2   0.880996   0.345752   0.496607
      0.21   0.861675     0.3607   0.508528
      0.22   0.847798   0.380095   0.524873
      0.23    0.84753    0.39647   0.540225
      0.24   0.844228   0.417159   0.558397
      0.25   0.842042   0.433488   0.572335
      0.26   0.836955   0.459222   0.593049
      0.27   0.829414    0.47408   0.603315
      0.28    0.81692   0.499593   0.620013
      0.29   0.804873   0.519362   0.631339
       0.3   0.800678   0.549115   0.651455
      0.31   0.785864   0.573845   0.663325
      0.32   0.770202   0.593803   0.670596
      0.33   0.762349   0.615055   0.680827
      0.34   0.760073   0.634879   0.691858
      0.35   0.754808   0.658213   0.703209
      0.36    0.75222   0.675141   0.711599
      0.37   0.745214   0.697596   0.720619
      0.38   0.736513   0.711043   0.723554
      0.39   0.734193   0.728011   0.731089
       0.4   0.732631   0.742698    0.73763
      0.41   0.729374   0.759001   0.743893
      0.42   0.719067    0.77733   0.747064
      0.43   0.713623   0.790698   0.750186
      0.44   0.710856   0.814216   0.759034
      0.45   0.708134   0.828412   0.763566
      0.46   0.702378   0.843514   0.766503
      0.47   0.698809   0.851852   0.767778
      0.48    0.69515   0.864512   0.770635
      0.49   0.691625   0.874041   0.772206
       0.5   0.684619   0.888516   0.773354
      0.51   0.678997   0.907158   0.776668
      0.52   0.677837   0.919942   0.780547
      0.53     0.6686   0.930693   0.778171
      0.54   0.666637   0.943218   0.781168
      0.55   0.653697   0.959799   0.777712
      0.56   0.651555   0.965338   0.777999
      0.57   0.633082   0.972777   0.767001
      0.58   0.623667   0.980355   0.762353
      0.59    0.60854   0.987366   0.752992
       0.6   0.601223      0.991   0.748402
      0.61   0.586989          1   0.739751
      0.62   0.565526          1   0.722474
      0.63   0.544777          1   0.705315
      0.64   0.516309          1   0.681008
      0.65   0.501138          1   0.667677
      0.66   0.463656          1   0.633559
      0.67    0.41734          1   0.588906
      0.68   0.320646          1    0.48559
      0.69   0.263754          1   0.417414
       0.7   0.205122          1   0.340418
      0.71   0.169292          1   0.289563
      0.72   0.149436          1   0.260016
      0.73   0.122663          1   0.218521
      0.74   0.113382          1   0.203671
      0.75  0.0981215          1   0.178708
      0.76  0.0807639          1   0.149457
      0.77  0.0556869          1   0.105499
      0.78   0.035429          1  0.0684335
      0.79  0.0206595          1  0.0404826
       0.8 0.00727321          1  0.0144414
      0.81          0          0          0
      0.82          0          0          0
      0.83          0          0          0
      0.84          0          0          0
      0.85          0          0          0
      0.86          0          0          0
      0.87          0          0          0
      0.88          0          0          0
      0.89          0          0          0
       0.9          0          0          0
      0.91          0          0          0
      0.92          0          0          0
      0.93          0          0          0
      0.94          0          0          0
      0.95          0          0          0
      0.96          0          0          0
      0.97          0          0          0
      0.98          0          0          0
      0.99          0          0          0
