         0          1   0.298178   0.459379
      0.01    0.88804   0.313274    0.46316
      0.02    0.88804   0.313424   0.463324
      0.03   0.887987   0.313526   0.463428
      0.04   0.887881   0.314486   0.464461
      0.05   0.887881   0.316209   0.466337
      0.06   0.887351   0.321436   0.471922
      0.07   0.887033   0.326272   0.477068
      0.08   0.885282     0.3376   0.488798
      0.09   0.882737   0.346996   0.498167
       0.1   0.874781   0.366718   0.516791
      0.11   0.863431    0.39293   0.540081
      0.12   0.856112   0.412027   0.556314
      0.13   0.845452   0.443205   0.581549
      0.14   0.831238   0.463843   0.595428
      0.15   0.808008    0.49611   0.614762
      0.16   0.793742   0.520167   0.628474
      0.17   0.751843    0.54863    0.63436
      0.18   0.730575   0.572958   0.642237
      0.19    0.69764    0.59826   0.644139
       0.2   0.675418   0.611391   0.641812
      0.21   0.641315   0.628043    0.63461
      0.22    0.61485   0.646341   0.630203
      0.23   0.587324   0.658463   0.620863
      0.24   0.549138   0.680164   0.607668
      0.25   0.528454   0.693944   0.599997
      0.26   0.500822   0.705225   0.585702
      0.27     0.4821   0.711256   0.574676
      0.28   0.441421   0.718414   0.546842
      0.29   0.418457   0.731795   0.532448
       0.3   0.392522   0.738462   0.512585
      0.31   0.360541   0.764799   0.490059
      0.32   0.342615   0.790521   0.478044
      0.33   0.322408   0.813468   0.461791
      0.34   0.304588   0.824344   0.444819
      0.35   0.284328   0.830631   0.423642
      0.36   0.271228   0.835198   0.409479
      0.37   0.259719   0.854142   0.398321
      0.38   0.247043   0.879404   0.385727
      0.39   0.234527   0.885938   0.370875
       0.4   0.221798   0.895018   0.355498
      0.41   0.202334   0.901408   0.330485
      0.42    0.18934   0.910064   0.313463
      0.43   0.185468   0.920705   0.308743
      0.44   0.177088     0.9375   0.297904
      0.45   0.171254   0.940758   0.289761
      0.46   0.167966   0.960591   0.285934
      0.47    0.16367   0.964646   0.279857
      0.48   0.160117   0.979003   0.275221
      0.49   0.153487   0.986523   0.265644
       0.5   0.147335          1    0.25683
      0.51   0.144047          1    0.25182
      0.52   0.140705          1   0.246699
      0.53   0.133811          1   0.236037
      0.54   0.130894          1   0.231487
      0.55   0.124264          1   0.221059
      0.56   0.118589          1   0.212034
      0.57   0.115036          1   0.206336
      0.58   0.111164          1   0.200086
      0.59   0.100133          1   0.182037
       0.6  0.0872448          1   0.160488
      0.61  0.0818351          1   0.151289
      0.62   0.075948          1   0.141174
      0.63  0.0693715          1   0.129743
      0.64  0.0523469          1  0.0994859
      0.65  0.0369663          1  0.0712971
      0.66   0.018934          1  0.0371643
      0.67  0.0139486          1  0.0275133
      0.68  0.0121984          1  0.0241027
      0.69 0.00837974          1  0.0166202
       0.7 0.00795545          1  0.0157853
      0.71 0.00609918          1  0.0121244
      0.72 0.00413683          1 0.00823958
      0.73          0          0          0
      0.74          0          0          0
      0.75          0          0          0
      0.76          0          0          0
      0.77          0          0          0
      0.78          0          0          0
      0.79          0          0          0
       0.8          0          0          0
      0.81          0          0          0
      0.82          0          0          0
      0.83          0          0          0
      0.84          0          0          0
      0.85          0          0          0
      0.86          0          0          0
      0.87          0          0          0
      0.88          0          0          0
      0.89          0          0          0
       0.9          0          0          0
      0.91          0          0          0
      0.92          0          0          0
      0.93          0          0          0
      0.94          0          0          0
      0.95          0          0          0
      0.96          0          0          0
      0.97          0          0          0
      0.98          0          0          0
      0.99          0          0          0
