         0          1    0.48887   0.656699
      0.01   0.935504   0.507315   0.657872
      0.02     0.9346   0.514179   0.663389
      0.03    0.93438   0.518174   0.666648
      0.04   0.931641   0.523118   0.670019
      0.05   0.929319    0.52554   0.671398
      0.06   0.925456   0.531011   0.674821
      0.07    0.92328   0.538643   0.680362
      0.08   0.920297   0.553968   0.691619
      0.09   0.917339   0.564485   0.698901
       0.1     0.9124   0.581616   0.710389
      0.11   0.900983   0.601544   0.721426
      0.12   0.894626   0.616629   0.730058
      0.13   0.875141   0.640927   0.739942
      0.14    0.85766   0.657154   0.744137
      0.15   0.836487   0.685132   0.753282
      0.16   0.825388   0.705677   0.760852
      0.17   0.810009   0.735843   0.771147
      0.18   0.793678   0.759061   0.775984
      0.19   0.780133   0.785728    0.78292
       0.2   0.769547   0.796832   0.782952
      0.21   0.739279   0.816814   0.776115
      0.22   0.715833   0.837395   0.771857
      0.23    0.69246   0.849244    0.76288
      0.24   0.663024   0.864609   0.750516
      0.25   0.648306   0.872146   0.743749
      0.26   0.609946   0.884543   0.722017
      0.27   0.594788    0.89783   0.715546
      0.28   0.554325    0.90808   0.688416
      0.29   0.529656   0.917732   0.671668
       0.3   0.488827   0.929207   0.640636
      0.31   0.451616   0.935436   0.609145
      0.32   0.425016    0.94105   0.585567
      0.33   0.386729   0.942214   0.548378
      0.34   0.360202    0.94526   0.521631
      0.35   0.321696   0.946594   0.480198
      0.36   0.291037   0.949078    0.44547
      0.37   0.247763   0.946985   0.392765
      0.38   0.225295   0.945143   0.363856
      0.39   0.196445   0.940476   0.325004
       0.4   0.181874   0.943149   0.304943
      0.41   0.152266    0.94087   0.262113
      0.42   0.128404   0.939709   0.225936
      0.43   0.111559   0.948113   0.199629
      0.44  0.0964501   0.942466   0.174992
      0.45  0.0849592   0.944444   0.155895
      0.46  0.0722214   0.934545   0.134081
      0.47  0.0623441   0.934426    0.11689
      0.48  0.0546184    0.93578   0.103213
      0.49  0.0517823   0.935644  0.0981335
       0.5  0.0472593   0.954286  0.0900586
      0.51   0.043372   0.993243  0.0831146
      0.52  0.0401936          1  0.0772811
      0.53  0.0356951          1  0.0689297
      0.54  0.0288005          1  0.0559886
      0.55  0.0267713          1  0.0521466
      0.56  0.0248643          1  0.0485221
      0.57  0.0184832          1  0.0362955
      0.58   0.016674          1  0.0328011
      0.59  0.0155738          1    0.03067
       0.6  0.0130311          1   0.025727
      0.61  0.0112953          1  0.0223383
      0.62 0.00953499          1  0.0188899
      0.63 0.00860594          1   0.017065
      0.64 0.00853259          1  0.0169208
      0.65 0.00823921          1  0.0163438
      0.66 0.00757909          1  0.0150442
      0.67 0.00711457          1  0.0141286
      0.68  0.0055743          1  0.0110868
      0.69 0.00520757          1  0.0103612
       0.7 0.00344726          1 0.00687084
      0.71 0.00295829          1 0.00589913
      0.72 0.00273825          1 0.00546155
      0.73 0.00273825          1 0.00546155
      0.74 0.00273825          1 0.00546155
      0.75 0.00158916          1 0.00317329
      0.76          0          0          0
      0.77          0          0          0
      0.78          0          0          0
      0.79          0          0          0
       0.8          0          0          0
      0.81          0          0          0
      0.82          0          0          0
      0.83          0          0          0
      0.84          0          0          0
      0.85          0          0          0
      0.86          0          0          0
      0.87          0          0          0
      0.88          0          0          0
      0.89          0          0          0
       0.9          0          0          0
      0.91          0          0          0
      0.92          0          0          0
      0.93          0          0          0
      0.94          0          0          0
      0.95          0          0          0
      0.96          0          0          0
      0.97          0          0          0
      0.98          0          0          0
      0.99          0          0          0
