         0          1   0.384732   0.555677
      0.01    0.91407   0.409489   0.565599
      0.02    0.91407   0.410105   0.566186
      0.03    0.91407   0.416473   0.572225
      0.04   0.913096   0.421849   0.577085
      0.05   0.911263   0.423989   0.578715
      0.06   0.909487   0.432223    0.58597
      0.07    0.90731   0.440132   0.592732
      0.08   0.899232   0.453118   0.602593
      0.09   0.894879   0.465444   0.612378
       0.1   0.869787    0.49395   0.630079
      0.11   0.839998   0.521692   0.643642
      0.12     0.7897   0.530014   0.634307
      0.13   0.744959   0.558341   0.638289
      0.14   0.716945   0.583523    0.64339
      0.15   0.688875   0.613301   0.648895
      0.16   0.660002   0.635576   0.647559
      0.17   0.623396   0.668381   0.645105
      0.18   0.589425   0.683697    0.63307
      0.19   0.555396   0.716219   0.625638
       0.2   0.533857   0.741316    0.62071
      0.21   0.488084   0.775215   0.599019
      0.22   0.445176   0.800946   0.572275
      0.23   0.418595   0.815594   0.553244
      0.24   0.375115   0.835973   0.517858
      0.25   0.342404   0.839338   0.486388
      0.26   0.305282   0.831178   0.446551
      0.27   0.276982   0.824734   0.414692
      0.28   0.236767   0.820487   0.367488
      0.29   0.212993   0.812349   0.337496
       0.3    0.17146   0.793881   0.282011
      0.31   0.147227   0.779352   0.247668
      0.32   0.137431   0.768519   0.233166
      0.33   0.121047   0.760807   0.208863
      0.34   0.112225   0.765273   0.195745
      0.35   0.101684   0.781609   0.179957
      0.36  0.0993355        0.8   0.176727
      0.37  0.0875344    0.79902   0.157783
      0.38  0.0862741   0.816216   0.156053
      0.39  0.0800298   0.827586   0.145946
       0.4  0.0773946    0.88189   0.142301
      0.41  0.0743011   0.910714   0.137393
      0.42  0.0688016   0.947917   0.128291
      0.43  0.0681141   0.977778   0.127356
      0.44  0.0619271     0.9875   0.116546
      0.45  0.0608387          1   0.114699
      0.46  0.0580889          1     0.1098
      0.47  0.0539643          1   0.102402
      0.48   0.046918          1  0.0896306
      0.49  0.0426214          1  0.0817582
       0.5   0.035747          1  0.0690265
      0.51  0.0291017          1  0.0565576
      0.52  0.0284716          1  0.0553668
      0.53  0.0241751          1  0.0472089
      0.54  0.0227429          1  0.0444743
      0.55  0.0195921          1  0.0384313
      0.56  0.0179308          1  0.0352299
      0.57  0.0101971          1  0.0201883
      0.58 0.00635885          1  0.0126373
      0.59          0          0          0
       0.6          0          0          0
      0.61          0          0          0
      0.62          0          0          0
      0.63          0          0          0
      0.64          0          0          0
      0.65          0          0          0
      0.66          0          0          0
      0.67          0          0          0
      0.68          0          0          0
      0.69          0          0          0
       0.7          0          0          0
      0.71          0          0          0
      0.72          0          0          0
      0.73          0          0          0
      0.74          0          0          0
      0.75          0          0          0
      0.76          0          0          0
      0.77          0          0          0
      0.78          0          0          0
      0.79          0          0          0
       0.8          0          0          0
      0.81          0          0          0
      0.82          0          0          0
      0.83          0          0          0
      0.84          0          0          0
      0.85          0          0          0
      0.86          0          0          0
      0.87          0          0          0
      0.88          0          0          0
      0.89          0          0          0
       0.9          0          0          0
      0.91          0          0          0
      0.92          0          0          0
      0.93          0          0          0
      0.94          0          0          0
      0.95          0          0          0
      0.96          0          0          0
      0.97          0          0          0
      0.98          0          0          0
      0.99          0          0          0
