         0          1   0.164811   0.282983
      0.01   0.940936   0.154634   0.265617
      0.02   0.940936   0.154677    0.26568
      0.03   0.940936    0.15485   0.265935
      0.04   0.940364   0.155557   0.266954
      0.05   0.939697   0.156799   0.268753
      0.06   0.939697   0.161717   0.275946
      0.07   0.937411   0.165161   0.280841
      0.08   0.932362   0.171746   0.290061
      0.09   0.927217   0.177624   0.298135
       0.1    0.91026   0.188367   0.312141
      0.11   0.895303   0.203364   0.331442
      0.12   0.886063    0.21726   0.348957
      0.13    0.86358   0.238696   0.374014
      0.14   0.852815   0.256153   0.393972
      0.15   0.828046   0.283844   0.422768
      0.16   0.796894   0.303071   0.439133
      0.17    0.76841    0.33943   0.470865
      0.18   0.747356   0.361484   0.487279
      0.19    0.70182   0.394854   0.505376
       0.2   0.681433   0.419484   0.519295
      0.21    0.65695   0.460492   0.541451
      0.22   0.632085   0.503966   0.560801
      0.23   0.603696   0.530149   0.564537
      0.24   0.544346   0.564646    0.55431
      0.25   0.496713    0.58159   0.535811
      0.26    0.42917   0.599198   0.500128
      0.27   0.400019   0.610538   0.483351
      0.28    0.34286   0.631124   0.444334
      0.29   0.295322   0.637138    0.40358
       0.3   0.256264   0.706667   0.376129
      0.31   0.231018   0.748634   0.353081
      0.32   0.220825   0.746835   0.340863
      0.33     0.1831    0.72103   0.292039
      0.34   0.155473        0.7   0.254435
      0.35   0.125369   0.726496   0.213837
      0.36  0.0990759   0.725275   0.174337
      0.37  0.0815471   0.753425   0.147166
      0.38  0.0750691   0.809524   0.137397
      0.39  0.0690674   0.865385   0.127925
       0.4   0.051348   0.914286  0.0972351
      0.41  0.0488711   0.964286  0.0930275
      0.42  0.0440126          1  0.0843143
      0.43  0.0311518          1  0.0604213
      0.44  0.0189578          1  0.0372102
      0.45 0.00771649          1  0.0153148
      0.46          0          0          0
      0.47          0          0          0
      0.48          0          0          0
      0.49          0          0          0
       0.5          0          0          0
      0.51          0          0          0
      0.52          0          0          0
      0.53          0          0          0
      0.54          0          0          0
      0.55          0          0          0
      0.56          0          0          0
      0.57          0          0          0
      0.58          0          0          0
      0.59          0          0          0
       0.6          0          0          0
      0.61          0          0          0
      0.62          0          0          0
      0.63          0          0          0
      0.64          0          0          0
      0.65          0          0          0
      0.66          0          0          0
      0.67          0          0          0
      0.68          0          0          0
      0.69          0          0          0
       0.7          0          0          0
      0.71          0          0          0
      0.72          0          0          0
      0.73          0          0          0
      0.74          0          0          0
      0.75          0          0          0
      0.76          0          0          0
      0.77          0          0          0
      0.78          0          0          0
      0.79          0          0          0
       0.8          0          0          0
      0.81          0          0          0
      0.82          0          0          0
      0.83          0          0          0
      0.84          0          0          0
      0.85          0          0          0
      0.86          0          0          0
      0.87          0          0          0
      0.88          0          0          0
      0.89          0          0          0
       0.9          0          0          0
      0.91          0          0          0
      0.92          0          0          0
      0.93          0          0          0
      0.94          0          0          0
      0.95          0          0          0
      0.96          0          0          0
      0.97          0          0          0
      0.98          0          0          0
      0.99          0          0          0
