         0          1   0.317058   0.481463
      0.01   0.916834   0.319422   0.473781
      0.02   0.916834   0.319422   0.473781
      0.03   0.916834   0.319492   0.473857
      0.04   0.916785   0.320023   0.474435
      0.05   0.916785   0.321001   0.475509
      0.06   0.915855   0.323326   0.477928
      0.07   0.915708   0.325595   0.480382
      0.08   0.915414   0.331491   0.486728
      0.09   0.913946   0.336859   0.492277
       0.1   0.912184   0.346265   0.501978
      0.11   0.907142   0.356874   0.512233
      0.12   0.901513   0.365638   0.520265
      0.13   0.897352   0.378475     0.5324
      0.14   0.892016   0.386977   0.539784
      0.15   0.883744   0.399252    0.55002
      0.16   0.875373   0.407759   0.556359
      0.17   0.863968   0.419207   0.564508
      0.18   0.854814    0.42732   0.569799
      0.19   0.840619   0.438623   0.576458
       0.2    0.82985   0.445648   0.579885
      0.21   0.816633    0.45814   0.586979
      0.22   0.789955   0.471374   0.590432
      0.23   0.769641    0.47838   0.590023
      0.24   0.743453    0.49011   0.590767
      0.25   0.726467   0.499076   0.591677
      0.26   0.690391   0.507857   0.585221
      0.27   0.672084    0.51816   0.585169
      0.28   0.650595   0.534198   0.586679
      0.29   0.628861   0.540575   0.581385
       0.3   0.601645   0.555864   0.577849
      0.31   0.584023   0.570133   0.576994
      0.32   0.563415   0.577958   0.570594
      0.33   0.526751    0.58777    0.55559
      0.34   0.509961   0.600772   0.551655
      0.35   0.477948   0.612113   0.536774
      0.36   0.459445   0.616369   0.526462
      0.37   0.436781   0.630227   0.515968
      0.38   0.426306   0.635494   0.510294
      0.39   0.402369    0.63942   0.493925
       0.4   0.380537   0.636974   0.476442
      0.41    0.35851   0.643472    0.46047
      0.42   0.336091   0.650576   0.443215
      0.43   0.320721    0.65885   0.431427
      0.44   0.293847   0.663106   0.407234
      0.45   0.287043   0.668367   0.401608
      0.46   0.266533   0.666667   0.380816
      0.47   0.251946   0.663256   0.365175
      0.48   0.236673    0.66568   0.349195
      0.49   0.227471   0.669439   0.339561
       0.5   0.220128   0.681971   0.332826
      0.51   0.207989   0.687425   0.319353
      0.52   0.201429   0.703704   0.313206
      0.53    0.19159   0.723703   0.302973
      0.54   0.179206   0.735207   0.288171
      0.55   0.170101   0.746006   0.277034
      0.56   0.165011   0.756303   0.270913
      0.57   0.155123   0.770093   0.258229
      0.58   0.149934   0.770161   0.251003
      0.59   0.141759   0.770601   0.239466
       0.6   0.129718    0.77193   0.222111
      0.61   0.121445   0.767241   0.209697
      0.62   0.103236   0.760274   0.181787
      0.63   0.097949   0.786561   0.174205
      0.64  0.0854178   0.825472   0.154816
      0.65  0.0779774   0.818182   0.142385
      0.66  0.0639287   0.825806   0.118671
      0.67  0.0540408   0.819549   0.101396
      0.68  0.0442019   0.844037  0.0840045
      0.69  0.0419502   0.851485  0.0799609
       0.7  0.0393069   0.868132  0.0752085
      0.71  0.0324049   0.909091  0.0625792
      0.72  0.0324049   0.972222  0.0627193
      0.73  0.0301043          1   0.058449
      0.74  0.0292721          1  0.0568793
      0.75  0.0277547          1  0.0540103
      0.76  0.0250135          1  0.0488061
      0.77  0.0213912          1  0.0418863
      0.78  0.0129228          1  0.0255159
      0.79 0.00220275          1 0.00439582
       0.8          0          0          0
      0.81          0          0          0
      0.82          0          0          0
      0.83          0          0          0
      0.84          0          0          0
      0.85          0          0          0
      0.86          0          0          0
      0.87          0          0          0
      0.88          0          0          0
      0.89          0          0          0
       0.9          0          0          0
      0.91          0          0          0
      0.92          0          0          0
      0.93          0          0          0
      0.94          0          0          0
      0.95          0          0          0
      0.96          0          0          0
      0.97          0          0          0
      0.98          0          0          0
      0.99          0          0          0
