         0          1   0.273534   0.429567
      0.01   0.962821   0.311263   0.470441
      0.02   0.962821   0.312139   0.471441
      0.03   0.962821   0.316525   0.476426
      0.04   0.962579   0.325329     0.4863
      0.05   0.962531   0.332077   0.493794
      0.06   0.962192   0.344649   0.507511
      0.07   0.961563   0.353462   0.516912
      0.08   0.961563   0.369978   0.534355
      0.09   0.960498   0.382967   0.547598
       0.1   0.959578   0.402112   0.566734
      0.11   0.956625   0.420016   0.583736
      0.12   0.955608   0.430889   0.593959
      0.13   0.951058   0.445687   0.606946
      0.14   0.948298   0.455371   0.615284
      0.15   0.941763   0.471468   0.628363
      0.16   0.940166   0.482589   0.637796
      0.17    0.93668   0.494881   0.647608
      0.18   0.933921   0.504572   0.655172
      0.19    0.92695   0.517154   0.663907
       0.2   0.922351   0.524773   0.668947
      0.21   0.910926   0.536449   0.675243
      0.22   0.901922   0.545631   0.679929
      0.23   0.893305   0.552523   0.682752
      0.24   0.879653   0.558987   0.683583
      0.25   0.871666   0.566885   0.686989
      0.26   0.856707   0.576442   0.689171
      0.27   0.848381   0.583761   0.691624
      0.28   0.834439   0.592696   0.693093
      0.29   0.824708   0.599846    0.69453
       0.3   0.809314    0.60728    0.69389
      0.31   0.786755   0.609621   0.686953
      0.32   0.761872   0.613525   0.679699
      0.33   0.734618   0.613861   0.668833
      0.34   0.712495   0.613631   0.659377
      0.35   0.671104   0.617568   0.643224
      0.36   0.652515   0.617845   0.634707
      0.37   0.605799   0.608505   0.607149
      0.38   0.572639   0.607395   0.589505
      0.39   0.514305   0.604817   0.555901
       0.4   0.478724   0.603512   0.533923
      0.41   0.425231   0.609169   0.500846
      0.42   0.385826   0.620758   0.475876
      0.43   0.359539   0.634465   0.458982
      0.44   0.337319   0.649749   0.444088
      0.45   0.329428   0.662818   0.440114
      0.46   0.318488   0.690447   0.435903
      0.47   0.312775   0.707822   0.433842
      0.48   0.304739   0.744934   0.432536
      0.49   0.303287   0.765988   0.434527
       0.5   0.296219   0.793344   0.431372
      0.51   0.291523   0.823961   0.430672
      0.52   0.289393   0.842327   0.430785
      0.53   0.287118   0.872114    0.43201
      0.54   0.286053    0.89614   0.433675
      0.55   0.283245   0.924783   0.433666
      0.56   0.279566    0.94246   0.431218
      0.57   0.273418   0.960825   0.425697
      0.58   0.271966   0.976596   0.425451
      0.59   0.267512   0.986681   0.420907
       0.6   0.261074    0.98627    0.41286
      0.61   0.252166   0.988998   0.401868
      0.62   0.237547   0.990862   0.383221
      0.63    0.22801   0.994366   0.370958
      0.64   0.203611   0.996644   0.338141
      0.65   0.179745          1   0.304719
      0.66   0.153507          1   0.266157
      0.67    0.13211          1   0.233387
      0.68   0.103984          1    0.18838
      0.69  0.0891223          1   0.163659
       0.7  0.0716948          1   0.133797
      0.71  0.0611899          1   0.115323
      0.72  0.0483613          1  0.0922608
      0.73  0.0298688          1  0.0580051
      0.74  0.0237692          1  0.0464347
      0.75 0.00701941          1   0.013941
      0.76 0.00179116          1 0.00357592
      0.77          0          0          0
      0.78          0          0          0
      0.79          0          0          0
       0.8          0          0          0
      0.81          0          0          0
      0.82          0          0          0
      0.83          0          0          0
      0.84          0          0          0
      0.85          0          0          0
      0.86          0          0          0
      0.87          0          0          0
      0.88          0          0          0
      0.89          0          0          0
       0.9          0          0          0
      0.91          0          0          0
      0.92          0          0          0
      0.93          0          0          0
      0.94          0          0          0
      0.95          0          0          0
      0.96          0          0          0
      0.97          0          0          0
      0.98          0          0          0
      0.99          0          0          0
