         0          1   0.279386    0.43675
      0.01   0.915952   0.281761   0.430954
      0.02   0.915466   0.285827   0.435638
      0.03   0.915213   0.292875   0.443748
      0.04   0.914425   0.301669   0.453671
      0.05   0.913409   0.307543   0.460154
      0.06   0.910718   0.317155    0.47047
      0.07   0.908374   0.324208   0.477862
      0.08   0.903499   0.335472   0.489274
      0.09   0.898504   0.343466   0.496961
       0.1   0.888743   0.356329   0.508702
      0.11   0.876517   0.369961    0.52031
      0.12    0.86693   0.379289   0.527703
      0.13   0.851964   0.394079   0.538891
      0.14   0.840009   0.404447   0.546004
      0.15   0.821491   0.419734   0.555593
      0.16   0.807865   0.430259    0.56148
      0.17   0.784098   0.445679   0.568324
      0.18   0.768265   0.456336   0.572574
      0.19   0.744627   0.472133   0.577868
       0.2    0.72896   0.483118   0.581107
      0.21   0.702257   0.499032   0.583454
      0.22   0.675647   0.515313   0.584688
      0.23   0.657938    0.52658   0.584975
      0.24   0.630115   0.542899   0.583264
      0.25   0.611586   0.554456   0.581621
      0.26   0.583191   0.571209   0.577138
      0.27   0.564365   0.582535   0.573306
      0.28   0.537815    0.59828   0.566438
      0.29   0.519992    0.60898   0.560979
       0.3   0.494101   0.624974   0.551885
      0.31    0.46897   0.638402   0.540724
      0.32   0.451378   0.647029   0.531779
      0.33   0.425041   0.659284   0.516861
      0.34   0.406946   0.666826   0.505437
      0.35   0.382081   0.678883   0.488967
      0.36   0.366749   0.686235   0.478024
      0.37   0.344452   0.698653   0.461416
      0.38   0.330968    0.70669   0.450807
      0.39   0.311818   0.718172   0.434837
       0.4   0.298706   0.726121   0.423284
      0.41   0.281492   0.737164   0.407411
      0.42   0.264329   0.749307   0.390798
      0.43   0.252489   0.755685   0.378511
      0.44   0.235898   0.766425   0.360758
      0.45   0.224732   0.773351   0.348261
      0.46   0.211684   0.784502   0.333404
      0.47   0.201531   0.789712   0.321115
      0.48   0.187964   0.802574   0.304592
      0.49   0.179947   0.810274   0.294492
       0.5    0.16716   0.823334   0.277898
      0.51   0.155067   0.837725   0.261693
      0.52   0.147829   0.846322   0.251694
      0.53   0.136649    0.86065   0.235852
      0.54   0.128774   0.868398   0.224289
      0.55   0.117986   0.881902   0.208127
      0.56   0.111514   0.887789    0.19814
      0.57   0.101579   0.898762   0.182528
      0.58   0.095856    0.90612   0.173371
      0.59  0.0868857   0.911441   0.158648
       0.6  0.0807692   0.916329   0.148453
      0.61   0.073055   0.922368   0.135387
      0.62  0.0642942   0.929612    0.12027
      0.63  0.0587473   0.935954   0.110555
      0.64   0.050733   0.940606  0.0962733
      0.65   0.046077   0.941557  0.0878546
      0.66  0.0391092     0.9395  0.0750925
      0.67  0.0340861   0.938314  0.0657825
      0.68  0.0270187   0.935172    0.05252
      0.69  0.0232282   0.930258  0.0453246
       0.7  0.0189322   0.919486  0.0371005
      0.71  0.0151325   0.905902  0.0297678
      0.72  0.0128625   0.898888  0.0253621
      0.73 0.00890418     0.8739  0.0176287
      0.74 0.00734099   0.851449  0.0145565
      0.75 0.00533437   0.787293  0.0105969
      0.76 0.00407935   0.777372  0.0081161
      0.77 0.00261176   0.720812 0.00520466
      0.78  0.0017788   0.671329  0.0035482
      0.79 0.000698706   0.508772  0.0013955
       0.8 0.000165777   0.227273 0.000331313
      0.81          0          0          0
      0.82          0          0          0
      0.83          0          0          0
      0.84          0          0          0
      0.85          0          0          0
      0.86          0          0          0
      0.87          0          0          0
      0.88          0          0          0
      0.89          0          0          0
       0.9          0          0          0
      0.91          0          0          0
      0.92          0          0          0
      0.93          0          0          0
      0.94          0          0          0
      0.95          0          0          0
      0.96          0          0          0
      0.97          0          0          0
      0.98          0          0          0
      0.99          0          0          0
